object={
	name="reeds_01_generator_1_0"
	clamp_to_water_level=no
	render_under_water=no
	generated_content=yes
	layer="grass_layer"
	pdxmesh="reeds_06_grass_mesh"
	count=132
	transform="540.441650 0.000000 1470.629517 0.000000 0.554741 0.000000 -0.832023 1.007360 1.007360 1.007360
550.889404 0.000000 1460.044800 0.000000 0.990711 0.000000 0.135985 0.998978 0.998978 0.998978
556.884155 0.000000 1465.877930 0.000000 0.919548 0.000000 -0.392977 1.005041 1.005041 1.005041
553.630615 0.000000 1463.216431 0.000000 0.984932 0.000000 0.172943 0.997396 0.997396 0.997396
555.107666 0.000000 1461.272095 0.000000 0.964869 0.000000 0.262730 0.981416 0.981416 0.981416
1307.076416 0.000000 1571.862671 0.000000 0.964363 0.000000 -0.264584 1.058829 1.058829 1.058829
3068.511230 0.000000 53.462078 0.000000 0.951865 0.000000 0.306517 0.954112 0.954112 0.954112
3065.229492 0.000000 56.732933 0.000000 0.753910 0.000000 0.656978 0.930208 0.930208 0.930208
3064.537598 0.000000 58.875366 0.000000 0.675919 0.000000 -0.736976 1.105499 1.105499 1.105499
3069.640137 0.000000 52.561852 0.000000 0.990060 0.000000 0.140645 0.979214 0.979214 0.979214
3057.391602 0.000000 77.466110 0.000000 0.148583 0.000000 0.988900 0.854481 0.854481 0.854481
3055.485840 0.000000 72.858612 0.000000 0.672623 0.000000 -0.739986 1.118546 1.118546 1.118546
3057.483398 0.000000 68.338303 0.000000 0.990706 0.000000 -0.136024 1.016010 1.016010 1.016010
3072.125977 0.000000 51.116604 0.000000 0.859501 0.000000 -0.511134 1.054916 1.054916 1.054916
3079.627197 0.000000 26.121717 0.000000 0.571999 0.000000 -0.820255 1.026415 1.026415 1.026415
3074.591553 0.000000 51.236835 0.000000 0.964091 0.000000 -0.265571 1.029527 1.029527 1.029527
3081.865723 0.000000 29.640013 0.000000 0.583680 0.000000 -0.811984 1.156129 1.156129 1.156129
3078.593018 0.000000 24.809475 0.000000 0.425449 0.000000 0.904982 0.881373 0.881373 0.881373
3073.361328 0.000000 50.337765 0.000000 0.959514 0.000000 0.281659 0.970774 0.970774 0.970774
3080.345459 0.000000 30.679028 0.000000 0.442401 0.000000 -0.896817 1.166648 1.166648 1.166648
3080.985596 0.000000 28.726252 0.000000 0.550476 0.000000 0.834851 0.837228 0.837228 0.837228
3081.171387 0.000000 40.502377 0.000000 0.758239 0.000000 0.651977 0.904257 0.904257 0.904257
3516.129150 0.000000 60.720715 0.000000 0.988983 0.000000 0.148029 0.995549 0.995549 0.995549
3502.840576 0.000000 50.462894 0.000000 0.999813 0.000000 0.019323 0.998311 0.998311 0.998311
3472.947266 0.000000 34.264587 0.000000 0.667278 0.000000 0.744809 0.960143 0.960143 0.960143
3513.174805 0.000000 56.732933 0.000000 0.041265 0.000000 -0.999148 1.217656 1.217656 1.217656
3469.231445 0.000000 33.599796 0.000000 0.966372 0.000000 -0.257148 1.016232 1.016232 1.016232
3517.225342 0.000000 64.790909 0.000000 0.141596 0.000000 0.989924 0.928662 0.928662 0.928662
3518.697021 0.000000 64.111267 0.000000 0.909907 0.000000 -0.414813 1.040579 1.040579 1.040579
3553.617920 0.000000 99.003014 0.000000 0.552543 0.000000 0.833485 0.970479 0.970479 0.970479
3526.666260 0.000000 80.731972 0.000000 0.962260 0.000000 -0.272132 1.037844 1.037844 1.037844
3552.925293 0.000000 103.327400 0.000000 0.454872 0.000000 0.890557 0.893038 0.893038 0.893038
3623.884033 0.000000 189.909393 0.000000 0.988948 0.000000 -0.148264 1.005573 1.005573 1.005573
3591.729492 0.000000 157.293167 0.000000 0.907039 0.000000 0.421046 0.986980 0.986980 0.986980
3592.363770 0.000000 148.296844 0.000000 0.986052 0.000000 0.166436 0.976622 0.976622 0.976622
3594.734131 0.000000 153.039902 0.000000 0.049810 0.000000 -0.998759 1.094929 1.094929 1.094929
3609.815674 0.000000 174.354156 0.000000 0.560145 0.000000 -0.828394 1.114549 1.114549 1.114549
3620.896240 0.000000 189.398422 0.000000 0.855567 0.000000 -0.517693 1.024453 1.024453 1.024453
3589.617920 0.000000 149.409180 0.000000 0.206908 0.000000 -0.978360 1.142853 1.142853 1.142853
3589.491699 0.000000 158.705917 0.000000 0.660464 0.000000 0.750858 0.953350 0.953350 0.953350
3593.957764 0.000000 163.432587 0.000000 0.758434 0.000000 0.651750 0.937970 0.937970 0.937970
3591.343506 0.000000 160.087494 0.000000 0.350389 0.000000 -0.936604 1.236171 1.236171 1.236171
3587.593994 0.000000 149.783051 0.000000 0.566591 0.000000 -0.823999 1.082203 1.082203 1.082203
3590.729004 0.000000 155.651825 0.000000 0.753886 0.000000 0.657005 0.808510 0.808510 0.808510
3583.629150 0.000000 142.971039 0.000000 0.911016 0.000000 0.412371 0.958614 0.958614 0.958614
3587.685547 0.000000 145.378922 0.000000 0.970887 0.000000 -0.239536 1.046499 1.046499 1.046499
3589.126221 0.000000 144.764999 0.000000 0.994989 0.000000 -0.099986 1.015002 1.015002 1.015002
3586.386475 0.000000 144.500854 0.000000 0.767539 0.000000 -0.641003 1.133757 1.133757 1.133757
3606.253662 0.000000 162.888199 0.000000 0.853537 0.000000 -0.521033 1.080727 1.080727 1.080727
3591.709229 0.000000 152.473343 0.000000 0.176367 0.000000 0.984324 0.784305 0.784305 0.784305
3590.519531 0.000000 154.391418 0.000000 0.301554 0.000000 0.953449 0.662220 0.662220 0.662220
3590.712402 0.000000 149.194321 0.000000 0.999553 0.000000 0.029888 0.992462 0.992462 0.992462
3636.446533 0.000000 199.256363 0.000000 0.958125 0.000000 0.286351 0.992025 0.992025 0.992025
3637.675049 0.000000 207.734161 0.000000 0.963055 0.000000 -0.269305 1.029952 1.029952 1.029952
3627.878418 0.000000 192.106049 0.000000 0.187757 0.000000 -0.982215 1.044850 1.044850 1.044850
3642.951904 0.000000 207.691772 0.000000 0.910453 0.000000 0.413612 0.949965 0.949965 0.949965
3640.271240 0.000000 207.857925 0.000000 0.988528 0.000000 0.151035 0.978803 0.978803 0.978803
3641.538818 0.000000 206.981964 0.000000 0.476082 0.000000 -0.879401 1.150236 1.150236 1.150236
3640.415039 0.000000 206.471237 0.000000 0.415570 0.000000 0.909561 0.840309 0.840309 0.840309
3636.892578 0.000000 201.480072 0.000000 0.049351 0.000000 -0.998782 1.508974 1.508974 1.508974
3637.023682 0.000000 200.540466 0.000000 0.687604 0.000000 -0.726085 1.271849 1.271849 1.271849
2620.586914 0.000000 1049.166260 0.000000 0.477384 0.000000 -0.878695 1.144671 1.144671 1.144671
2632.480957 0.000000 1044.078125 0.000000 0.776589 0.000000 -0.630008 1.086779 1.086779 1.086779
2636.285645 0.000000 1053.383789 0.000000 0.295129 0.000000 0.955457 0.977785 0.977785 0.977785
2631.681885 0.000000 1049.871704 0.000000 0.992327 0.000000 -0.123642 1.003404 1.003404 1.003404
2633.479004 0.000000 1055.164062 0.000000 0.763499 0.000000 0.645809 0.956180 0.956180 0.956180
2631.172852 0.000000 1042.345093 0.000000 0.026761 0.000000 0.999642 0.899777 0.899777 0.899777
2635.379150 0.000000 1055.059204 0.000000 0.954844 0.000000 0.297108 0.954060 0.954060 0.954060
2632.973877 0.000000 1048.680420 0.000000 0.773532 0.000000 0.633758 0.928027 0.928027 0.928027
2631.587402 0.000000 1045.520874 0.000000 0.755200 0.000000 0.655494 0.942892 0.942892 0.942892
2633.264404 0.000000 1045.658691 0.000000 0.852252 0.000000 0.523131 0.929906 0.929906 0.929906
2630.841553 0.000000 1044.003418 0.000000 0.759764 0.000000 -0.650198 1.056549 1.056549 1.056549
2585.876709 0.000000 1115.573730 0.000000 0.952878 0.000000 0.303355 0.958449 0.958449 0.958449
2584.206787 0.000000 1113.048462 0.000000 0.693079 0.000000 -0.720861 1.084413 1.084413 1.084413
2577.019287 0.000000 1098.023804 0.000000 0.955836 0.000000 0.293901 0.984361 0.984361 0.984361
2585.851318 0.000000 1113.779419 0.000000 0.431183 0.000000 0.902264 0.882039 0.882039 0.882039
2572.418457 0.000000 1098.427368 0.000000 0.208293 0.000000 -0.978067 1.105329 1.105329 1.105329
2582.459717 0.000000 1112.692017 0.000000 0.971207 0.000000 -0.238235 1.027625 1.027625 1.027625
2581.111572 0.000000 1094.802124 0.000000 0.471166 0.000000 -0.882044 1.148320 1.148320 1.148320
2583.976074 0.000000 1115.930298 0.000000 0.056238 0.000000 -0.998417 1.321393 1.321393 1.321393
2727.993408 0.000000 1085.690674 0.000000 0.840352 0.000000 0.542040 0.988559 0.988559 0.988559
2722.104980 0.000000 1075.744873 0.000000 0.900440 0.000000 0.434981 0.992136 0.992136 0.992136
2725.005615 0.000000 1085.179688 0.000000 0.991399 0.000000 0.130873 0.992791 0.992791 0.992791
2720.208740 0.000000 1075.038574 0.000000 0.554407 0.000000 -0.832246 1.090815 1.090815 1.090815
3505.277588 0.000000 1947.914917 0.000000 0.299281 0.000000 0.954165 0.943070 0.943070 0.943070
3506.674805 0.000000 1950.070801 0.000000 0.569127 0.000000 0.822250 0.959029 0.959029 0.959029
3504.466064 0.000000 1953.601929 0.000000 0.653832 0.000000 0.756640 0.935727 0.935727 0.935727
3580.027832 0.000000 1963.340698 0.000000 0.918546 0.000000 -0.395314 1.001015 1.001015 1.001015
3559.417480 0.000000 1958.970337 0.000000 0.350006 0.000000 -0.936747 1.060577 1.060577 1.060577
3573.089600 0.000000 1949.754150 0.000000 0.920712 0.000000 -0.390242 1.033028 1.033028 1.033028
3543.051758 0.000000 1924.834229 0.000000 0.189948 0.000000 0.981794 0.982778 0.982778 0.982778
3562.777588 0.000000 1941.310913 0.000000 0.956241 0.000000 0.292581 0.977761 0.977761 0.977761
3560.729004 0.000000 1949.685913 0.000000 0.560741 0.000000 -0.827991 1.056015 1.056015 1.056015
3560.929199 0.000000 1963.054932 0.000000 0.555857 0.000000 -0.831278 1.051453 1.051453 1.051453
3550.647461 0.000000 1930.943604 0.000000 0.855259 0.000000 0.518201 0.983680 0.983680 0.983680
3575.187988 0.000000 1946.689941 0.000000 0.186755 0.000000 0.982407 0.955117 0.955117 0.955117
3568.091553 0.000000 1955.371460 0.000000 0.919059 0.000000 0.394121 0.987863 0.987863 0.987863
3557.744141 0.000000 1922.045166 0.000000 0.851466 0.000000 -0.524409 1.028941 1.028941 1.028941
3572.486572 0.000000 1953.344238 0.000000 0.470515 0.000000 -0.882392 1.072861 1.072861 1.072861
3554.550781 0.000000 1923.236938 0.000000 0.957062 0.000000 0.289883 0.989721 0.989721 0.989721
3563.279541 0.000000 1938.208130 0.000000 0.776763 0.000000 -0.629793 1.056129 1.056129 1.056129
3573.204834 0.000000 1958.783936 0.000000 0.828978 0.000000 0.559281 0.977774 0.977774 0.977774
3562.147461 0.000000 1946.967529 0.000000 0.072377 0.000000 -0.997377 1.056111 1.056111 1.056111
3545.165771 0.000000 1926.845337 0.000000 0.181828 0.000000 0.983330 0.941094 0.941094 0.941094
3568.189941 0.000000 1961.547974 0.000000 0.747328 0.000000 0.664456 0.969155 0.969155 0.969155
3575.394775 0.000000 1933.223022 0.000000 0.857484 0.000000 -0.514512 1.036429 1.036429 1.036429
3550.687500 0.000000 1940.993408 0.000000 0.920809 0.000000 -0.390015 1.025006 1.025006 1.025006
3558.498779 0.000000 1963.714600 0.000000 0.665615 0.000000 0.746295 0.922178 0.922178 0.922178
3546.133301 0.000000 1929.142334 0.000000 0.838706 0.000000 0.544584 0.976996 0.976996 0.976996
3552.874756 0.000000 1931.610352 0.000000 0.435330 0.000000 -0.900271 1.055942 1.055942 1.055942
3570.229248 0.000000 1954.354004 0.000000 0.994821 0.000000 -0.101647 1.005084 1.005084 1.005084
3559.059326 0.000000 1961.316162 0.000000 0.312296 0.000000 0.949985 0.877983 0.877983 0.877983
3554.976074 0.000000 1925.230347 0.000000 0.983999 0.000000 0.178174 0.988373 0.988373 0.988373
3557.134521 0.000000 1927.177124 0.000000 0.986586 0.000000 0.163243 0.985262 0.985262 0.985262
2171.406494 0.000000 3461.533691 0.000000 0.072305 0.000000 -0.997383 1.157118 1.157118 1.157118
2173.389404 0.000000 3455.962891 0.000000 0.905068 0.000000 0.425268 0.990130 0.990130 0.990130
2173.621338 0.000000 3459.313232 0.000000 0.855488 0.000000 0.517822 0.945645 0.945645 0.945645
2170.165039 0.000000 3459.453369 0.000000 0.919651 0.000000 -0.392737 1.042320 1.042320 1.042320
2172.113281 0.000000 3463.746338 0.000000 0.326455 0.000000 0.945213 0.916534 0.916534 0.916534
2171.918457 0.000000 3459.867676 0.000000 0.317793 0.000000 0.948160 0.869204 0.869204 0.869204
2175.759033 0.000000 3461.840088 0.000000 0.060408 0.000000 -0.998174 1.075413 1.075413 1.075413
5103.661133 0.000000 2709.287109 0.000000 0.960770 0.000000 -0.277347 1.002105 1.002105 1.002105
5113.793457 0.000000 2700.869141 0.000000 0.992241 0.000000 -0.124329 1.002801 1.002801 1.002801
5096.924316 0.000000 2703.755859 0.000000 0.337477 0.000000 -0.941334 1.018373 1.018373 1.018373
5103.235840 0.000000 2696.218018 0.000000 0.448066 0.000000 0.894001 0.939243 0.939243 0.939243
5101.955566 0.000000 2704.674561 0.000000 0.993419 0.000000 -0.114537 1.002579 1.002579 1.002579
5109.495117 0.000000 2703.124756 0.000000 0.762781 0.000000 0.646657 0.978933 0.978933 0.978933
5096.051270 0.000000 2692.633057 0.000000 0.560609 0.000000 -0.828081 1.019487 1.019487 1.019487
5104.439453 0.000000 2693.095703 0.000000 0.441591 0.000000 0.897216 0.952745 0.952745 0.952745
5107.987305 0.000000 2700.623291 0.000000 0.741476 0.000000 0.670979 0.966947 0.966947 0.966947
5100.987305 0.000000 2694.764404 0.000000 0.644918 0.000000 0.764252 0.965253 0.965253 0.965253
5105.531250 0.000000 2695.273193 0.000000 0.555106 0.000000 0.831780 0.948500 0.948500 0.948500
"}
object={
	name="reeds_01_generator_1_1"
	clamp_to_water_level=no
	render_under_water=no
	generated_content=yes
	layer="grass_layer"
	pdxmesh="reeds_07_grass_mesh"
	count=87
	transform="1306.065186 0.000000 1571.632690 0.000000 0.954930 0.000000 -0.296831 1.066210 1.066210 1.066210
3069.800049 0.000000 51.086212 0.000000 0.061719 0.000000 0.998094 0.969861 0.969861 0.969861
3063.622559 0.000000 60.301109 0.000000 0.070232 0.000000 0.997531 0.917586 0.917586 0.917586
3054.721924 0.000000 78.619110 0.000000 0.208329 0.000000 0.978059 0.833516 0.833516 0.833516
3061.039795 0.000000 65.314552 0.000000 0.529196 0.000000 -0.848500 1.108763 1.108763 1.108763
3056.123779 0.000000 71.319504 0.000000 0.425072 0.000000 -0.905160 1.113019 1.113019 1.113019
3056.645264 0.000000 76.110802 0.000000 0.047022 0.000000 -0.998894 1.155969 1.155969 1.155969
3080.062500 0.000000 39.925598 0.000000 0.685358 0.000000 0.728206 0.837085 0.837085 0.837085
3081.122559 0.000000 41.742996 0.000000 0.837332 0.000000 -0.546694 1.077978 1.077978 1.077978
3075.328369 0.000000 24.775709 0.000000 0.668604 0.000000 0.743619 0.933015 0.933015 0.933015
3081.606689 0.000000 26.337738 0.000000 0.962574 0.000000 -0.271020 1.029463 1.029463 1.029463
3471.360352 0.000000 36.898441 0.000000 0.959359 0.000000 -0.282187 1.007856 1.007856 1.007856
3468.747559 0.000000 35.602947 0.000000 0.205990 0.000000 0.978554 0.928524 0.928524 0.928524
3473.767334 0.000000 36.201626 0.000000 0.858004 0.000000 0.513643 0.964986 0.964986 0.964986
3479.541260 0.000000 35.533508 0.000000 0.766447 0.000000 0.642308 0.956466 0.956466 0.956466
3526.394775 0.000000 78.887917 0.000000 0.003187 0.000000 -0.999995 1.027395 1.027395 1.027395
3520.102051 0.000000 64.134216 0.000000 0.074956 0.000000 0.997187 0.880504 0.880504 0.880504
3528.717529 0.000000 81.182480 0.000000 0.988139 0.000000 -0.153563 1.022324 1.022324 1.022324
3541.815430 0.000000 87.186127 0.000000 0.851230 0.000000 0.524793 0.965518 0.965518 0.965518
3530.966797 0.000000 82.779785 0.000000 0.838201 0.000000 -0.545362 1.043202 1.043202 1.043202
3539.797852 0.000000 87.328117 0.000000 0.770947 0.000000 0.636900 0.953458 0.953458 0.953458
3529.828857 0.000000 81.764015 0.000000 0.686606 0.000000 0.727030 0.882135 0.882135 0.882135
3583.399902 0.000000 143.329178 0.000000 0.781793 0.000000 0.623538 0.934448 0.934448 0.934448
3597.183594 0.000000 187.988708 0.000000 0.999827 0.000000 -0.018578 1.000603 1.000603 1.000603
3583.633789 0.000000 146.546112 0.000000 0.957388 0.000000 -0.288804 1.014629 1.014629 1.014629
3594.779785 0.000000 150.226151 0.000000 0.911191 0.000000 -0.411985 1.055126 1.055126 1.055126
3587.795898 0.000000 143.862701 0.000000 0.163160 0.000000 -0.986600 1.063223 1.063223 1.063223
3605.606934 0.000000 161.701553 0.000000 0.461820 0.000000 0.886974 0.948261 0.948261 0.948261
3601.411377 0.000000 160.004990 0.000000 0.425836 0.000000 -0.904801 1.073408 1.073408 1.073408
3601.343262 0.000000 189.011459 0.000000 0.783551 0.000000 0.621327 0.949787 0.949787 0.949787
3590.218262 0.000000 151.097702 0.000000 0.755205 0.000000 -0.655488 1.069600 1.069600 1.069600
3590.530518 0.000000 152.778229 0.000000 0.960740 0.000000 0.277450 0.956484 0.956484 0.956484
3593.147217 0.000000 149.877502 0.000000 0.336392 0.000000 0.941722 0.828358 0.828358 0.828358
3608.266357 0.000000 174.890457 0.000000 0.962166 0.000000 -0.272465 1.032380 1.032380 1.032380
3585.259277 0.000000 147.195572 0.000000 0.843640 0.000000 -0.536909 1.100462 1.100462 1.100462
3604.828857 0.000000 162.947830 0.000000 0.311275 0.000000 0.950320 0.840302 0.840302 0.840302
3588.069092 0.000000 154.623032 0.000000 0.424830 0.000000 -0.905273 1.124350 1.124350 1.124350
3595.248535 0.000000 151.720642 0.000000 0.017501 0.000000 -0.999847 1.201649 1.201649 1.201649
3588.428467 0.000000 153.447372 0.000000 0.860278 0.000000 0.509825 0.919864 0.919864 0.919864
3638.172607 0.000000 204.321777 0.000000 0.765134 0.000000 -0.643871 1.148448 1.148448 1.148448
2631.846680 0.000000 1053.074463 0.000000 0.833489 0.000000 -0.552536 1.004385 1.004385 1.004385
2623.910156 0.000000 1048.628540 0.000000 0.962111 0.000000 0.272659 0.980006 0.980006 0.980006
2623.729492 0.000000 1051.733765 0.000000 0.657481 0.000000 -0.753471 1.029825 1.029825 1.029825
2633.661377 0.000000 1050.087769 0.000000 0.923501 0.000000 0.383595 0.948891 0.948891 0.948891
2583.168945 0.000000 1093.037354 0.000000 0.967501 0.000000 0.252869 0.998085 0.998085 0.998085
2584.517090 0.000000 1121.405518 0.000000 0.741031 0.000000 -0.671471 1.075355 1.075355 1.075355
2583.001953 0.000000 1116.269165 0.000000 0.999762 0.000000 -0.021807 1.001525 1.001525 1.001525
2581.130127 0.000000 1097.439819 0.000000 0.921347 0.000000 0.388742 0.960129 0.960129 0.960129
2584.240967 0.000000 1114.863159 0.000000 0.645211 0.000000 -0.764004 1.117220 1.117220 1.117220
2714.617676 0.000000 1073.251221 0.000000 0.786447 0.000000 0.617658 0.963434 0.963434 0.963434
2718.116455 0.000000 1074.667358 0.000000 0.969659 0.000000 0.244463 0.979037 0.979037 0.979037
3501.715820 0.000000 1949.817627 0.000000 0.999360 0.000000 -0.035775 1.002055 1.002055 1.002055
3505.479248 0.000000 1952.217163 0.000000 0.868729 0.000000 0.495288 0.961191 0.961191 0.961191
3547.937256 0.000000 1927.195923 0.000000 0.650030 0.000000 -0.759908 1.040944 1.040944 1.040944
3565.459473 0.000000 1962.831787 0.000000 0.841628 0.000000 -0.540058 1.002849 1.002849 1.002849
3561.111816 0.000000 1935.943359 0.000000 0.956703 0.000000 -0.291065 1.005899 1.005899 1.005899
3535.776123 0.000000 1946.118896 0.000000 0.446330 0.000000 -0.894868 1.008300 1.008300 1.008300
3574.941895 0.000000 1940.057495 0.000000 0.849873 0.000000 -0.526988 1.002771 1.002771 1.002771
3566.143066 0.000000 1936.862061 0.000000 0.155467 0.000000 -0.987841 1.031787 1.031787 1.031787
3552.265381 0.000000 1925.576416 0.000000 0.202782 0.000000 0.979224 0.965882 0.965882 0.965882
3569.471436 0.000000 1952.217163 0.000000 0.419479 0.000000 -0.907765 1.022727 1.022727 1.022727
3549.196045 0.000000 1938.945435 0.000000 0.179648 0.000000 -0.983731 1.038177 1.038177 1.038177
3539.118652 0.000000 1953.658325 0.000000 0.911765 0.000000 -0.410712 1.010566 1.010566 1.010566
3575.858398 0.000000 1963.289307 0.000000 0.952768 0.000000 -0.303699 1.005393 1.005393 1.005393
3577.673096 0.000000 1937.322876 0.000000 0.562571 0.000000 0.826749 0.963551 0.963551 0.963551
3552.161865 0.000000 1943.411743 0.000000 0.528002 0.000000 -0.849243 1.027862 1.027862 1.027862
3572.175049 0.000000 1932.810669 0.000000 0.852484 0.000000 0.522754 0.979401 0.979401 0.979401
3570.343262 0.000000 1958.731323 0.000000 0.992658 0.000000 0.120957 0.993946 0.993946 0.993946
3563.167236 0.000000 1950.179077 0.000000 0.761053 0.000000 -0.648690 1.028196 1.028196 1.028196
3537.419189 0.000000 1951.567505 0.000000 0.196738 0.000000 0.980456 0.924602 0.924602 0.924602
3553.128174 0.000000 1929.341553 0.000000 0.858204 0.000000 0.513309 0.974431 0.974431 0.974431
3573.558838 0.000000 1956.535767 0.000000 0.747834 0.000000 -0.663886 1.034438 1.034438 1.034438
3575.549072 0.000000 1937.947266 0.000000 0.658420 0.000000 -0.752651 1.044672 1.044672 1.044672
3575.296387 0.000000 1949.658325 0.000000 0.205697 0.000000 0.978616 0.918296 0.918296 0.918296
3561.770264 0.000000 1951.918823 0.000000 0.021088 0.000000 -0.999778 1.081247 1.081247 1.081247
3556.438965 0.000000 1963.651733 0.000000 0.906847 0.000000 -0.421461 1.030412 1.030412 1.030412
2997.629639 0.000000 2301.519287 0.000000 0.962234 0.000000 0.272223 0.947689 0.947689 0.947689
2996.542480 0.000000 2300.888428 0.000000 0.300918 0.000000 -0.953650 1.240045 1.240045 1.240045
5110.436035 0.000000 2688.095947 0.000000 0.765103 0.000000 -0.643908 1.010479 1.010479 1.010479
5098.368164 0.000000 2695.290283 0.000000 0.463456 0.000000 0.886120 0.964659 0.964659 0.964659
5102.932617 0.000000 2688.771973 0.000000 0.310333 0.000000 -0.950628 1.025070 1.025070 1.025070
5110.078613 0.000000 2698.607666 0.000000 0.046428 0.000000 0.998922 0.946721 0.946721 0.946721
5106.437012 0.000000 2706.073242 0.000000 0.919515 0.000000 0.393055 0.993949 0.993949 0.993949
5106.602051 0.000000 2690.792969 0.000000 0.999997 0.000000 0.002517 0.999925 0.999925 0.999925
5100.906250 0.000000 2692.269775 0.000000 0.208331 0.000000 0.978058 0.955831 0.955831 0.955831
5106.391602 0.000000 2697.515625 0.000000 0.758125 0.000000 -0.652110 1.039016 1.039016 1.039016
5102.853027 0.000000 2699.118652 0.000000 0.447473 0.000000 -0.894297 1.055266 1.055266 1.055266
"}
object={
	name="reeds_01_generator_1_2"
	clamp_to_water_level=no
	render_under_water=no
	generated_content=yes
	layer="grass_layer"
	pdxmesh="reeds_01_tall_grass_mesh"
	count=230
	transform="1306.160400 0.000000 1570.601685 0.000000 0.897124 0.000000 -0.441778 1.100528 1.100528 1.100528
1307.161255 0.000000 1570.458252 0.000000 0.728838 0.000000 -0.684686 1.165689 1.165689 1.165689
3066.817139 0.000000 55.561226 0.000000 0.484423 0.000000 -0.874834 1.167521 1.167521 1.167521
3061.621826 0.000000 62.066219 0.000000 0.883825 0.000000 0.467818 0.989062 0.989062 0.989062
3070.739746 0.000000 53.830719 0.000000 0.342139 0.000000 -0.939649 1.070145 1.070145 1.070145
3066.390625 0.000000 52.920635 0.000000 0.975206 0.000000 -0.221298 1.010585 1.010585 1.010585
3063.391357 0.000000 62.729038 0.000000 0.715303 0.000000 -0.698814 1.063745 1.063745 1.063745
3067.258789 0.000000 54.036903 0.000000 0.812451 0.000000 0.583030 0.902099 0.902099 0.902099
3062.686035 0.000000 64.736610 0.000000 0.654394 0.000000 0.756153 0.933642 0.933642 0.933642
3054.205566 0.000000 81.315186 0.000000 0.996156 0.000000 0.087599 0.998905 0.998905 0.998905
3058.852295 0.000000 67.433624 0.000000 0.994631 0.000000 -0.103482 1.012682 1.012682 1.012682
3056.689453 0.000000 69.736298 0.000000 0.974538 0.000000 0.224220 0.973465 0.973465 0.973465
3055.102783 0.000000 75.759201 0.000000 0.107147 0.000000 -0.994243 1.069418 1.069418 1.069418
3061.354736 0.000000 67.027298 0.000000 0.281425 0.000000 -0.959583 1.112327 1.112327 1.112327
3057.781006 0.000000 71.913918 0.000000 0.886101 0.000000 -0.463492 1.048127 1.048127 1.048127
3056.737305 0.000000 74.622246 0.000000 0.935445 0.000000 0.353473 0.975647 0.975647 0.975647
3055.643066 0.000000 79.958145 0.000000 0.370814 0.000000 -0.928707 1.145685 1.145685 1.145685
3079.791992 0.000000 29.324413 0.000000 0.132326 0.000000 -0.991206 1.021541 1.021541 1.021541
3077.033691 0.000000 50.293331 0.000000 0.883610 0.000000 0.468223 0.959855 0.959855 0.959855
3074.234131 0.000000 23.300770 0.000000 0.985902 0.000000 -0.167324 1.005036 1.005036 1.005036
3081.424316 0.000000 31.414085 0.000000 0.812282 0.000000 0.583265 0.906717 0.906717 0.906717
3081.068848 0.000000 38.287544 0.000000 0.604906 0.000000 0.796297 0.816025 0.816025 0.816025
3073.654053 0.000000 24.997984 0.000000 0.341980 0.000000 0.939707 0.881042 0.881042 0.881042
3080.414062 0.000000 27.592791 0.000000 0.733402 0.000000 -0.679795 1.080243 1.080243 1.080243
3076.343994 0.000000 51.741257 0.000000 0.995721 0.000000 0.092405 0.992376 0.992376 0.992376
3081.126465 0.000000 39.403545 0.000000 0.106869 0.000000 -0.994273 1.292340 1.292340 1.292340
3267.281494 0.000000 59.603836 0.000000 0.886117 0.000000 0.463462 0.957892 0.957892 0.957892
3511.232178 0.000000 57.750473 0.000000 0.541081 0.000000 0.840971 0.962586 0.962586 0.962586
3467.361328 0.000000 33.167427 0.000000 0.740066 0.000000 0.672535 0.983426 0.983426 0.983426
3506.446533 0.000000 48.248829 0.000000 0.975215 0.000000 -0.221260 1.009469 1.009469 1.009469
3469.385010 0.000000 31.518843 0.000000 0.938403 0.000000 0.345543 0.978860 0.978860 0.978860
3506.856201 0.000000 52.345432 0.000000 0.733747 0.000000 0.679423 0.934730 0.934730 0.934730
3467.277588 0.000000 31.309242 0.000000 0.893982 0.000000 -0.448103 1.042920 1.042920 1.042920
3553.237793 0.000000 104.852959 0.000000 0.804062 0.000000 -0.594545 1.044508 1.044508 1.044508
3531.427979 0.000000 79.412964 0.000000 0.128893 0.000000 -0.991659 1.025192 1.025192 1.025192
3544.977295 0.000000 100.715050 0.000000 0.153378 0.000000 0.988168 0.851440 0.851440 0.851440
3555.583984 0.000000 101.125122 0.000000 0.696391 0.000000 0.717663 0.984013 0.984013 0.984013
3538.519287 0.000000 93.827087 0.000000 0.940025 0.000000 -0.341106 1.006083 1.006083 1.006083
3552.515137 0.000000 101.902069 0.000000 0.088451 0.000000 -0.996081 1.074009 1.074009 1.074009
3547.864258 0.000000 101.315735 0.000000 0.388055 0.000000 0.921636 0.964880 0.964880 0.964880
3547.880127 0.000000 98.700348 0.000000 0.976523 0.000000 -0.215414 1.013551 1.013551 1.013551
3538.882812 0.000000 91.427826 0.000000 0.592308 0.000000 0.805712 0.934509 0.934509 0.934509
3540.068604 0.000000 95.694283 0.000000 0.931208 0.000000 0.364489 0.978577 0.978577 0.978577
3529.318604 0.000000 79.073372 0.000000 0.819054 0.000000 -0.573717 1.032035 1.032035 1.032035
3545.886963 0.000000 98.961014 0.000000 0.814782 0.000000 0.579767 0.945961 0.945961 0.945961
3521.799316 0.000000 65.014465 0.000000 0.596953 0.000000 -0.802276 1.074385 1.074385 1.074385
3543.533447 0.000000 99.517883 0.000000 0.973672 0.000000 -0.227952 1.017798 1.017798 1.017798
3574.266357 0.000000 139.232590 0.000000 0.975984 0.000000 -0.217840 1.002741 1.002741 1.002741
3582.451416 0.000000 146.561401 0.000000 0.999471 0.000000 0.032526 0.998376 0.998376 0.998376
3334.382080 0.000000 260.624969 0.000000 0.289876 0.000000 0.957064 0.952190 0.952190 0.952190
3585.064697 0.000000 143.825195 0.000000 0.817560 0.000000 0.575843 0.964765 0.964765 0.964765
3603.187744 0.000000 166.188049 0.000000 0.373456 0.000000 -0.927648 1.026695 1.026695 1.026695
3599.145752 0.000000 160.917633 0.000000 0.358227 0.000000 0.933635 0.939862 0.939862 0.939862
3588.923584 0.000000 152.295212 0.000000 0.131197 0.000000 0.991356 0.784415 0.784415 0.784415
3585.907227 0.000000 148.547165 0.000000 0.889034 0.000000 0.457841 0.933513 0.933513 0.933513
3589.050781 0.000000 146.291122 0.000000 0.074802 0.000000 0.997198 0.775921 0.775921 0.775921
3583.683350 0.000000 140.456345 0.000000 0.997745 0.000000 -0.067118 1.001174 1.001174 1.001174
3591.564697 0.000000 154.090469 0.000000 0.935036 0.000000 -0.354553 1.096818 1.096818 1.096818
3592.169922 0.000000 151.277145 0.000000 0.998074 0.000000 0.062041 0.996280 0.996280 0.996280
3625.486816 0.000000 191.899933 0.000000 0.805249 0.000000 0.592937 0.974647 0.974647 0.974647
3584.348145 0.000000 149.987518 0.000000 0.797688 0.000000 -0.603070 1.090503 1.090503 1.090503
3591.055664 0.000000 146.563873 0.000000 0.396753 0.000000 -0.917926 1.296110 1.296110 1.296110
3598.687012 0.000000 162.942169 0.000000 0.393024 0.000000 0.919528 0.930084 0.930084 0.930084
3589.445557 0.000000 154.120956 0.000000 0.729403 0.000000 -0.684084 1.082754 1.082754 1.082754
3607.525635 0.000000 163.502258 0.000000 0.096093 0.000000 0.995372 0.782803 0.782803 0.782803
3592.856689 0.000000 152.899185 0.000000 0.869086 0.000000 0.494662 0.961245 0.961245 0.961245
3591.470215 0.000000 149.739578 0.000000 0.110327 0.000000 -0.993895 1.368202 1.368202 1.368202
3584.108398 0.000000 148.211334 0.000000 0.880874 0.000000 0.473351 0.931063 0.931063 0.931063
3593.245850 0.000000 146.808578 0.000000 0.532468 0.000000 0.846450 0.919369 0.919369 0.919369
3583.808350 0.000000 144.892670 0.000000 0.999717 0.000000 -0.023789 1.002198 1.002198 1.002198
3590.724365 0.000000 148.222153 0.000000 0.923526 0.000000 -0.383536 1.099252 1.099252 1.099252
3592.376953 0.000000 163.671143 0.000000 0.622344 0.000000 -0.782744 1.078559 1.078559 1.078559
3602.804199 0.000000 160.623993 0.000000 0.520258 0.000000 -0.854009 1.143112 1.143112 1.143112
3590.981934 0.000000 158.635971 0.000000 0.352761 0.000000 0.935714 0.873096 0.873096 0.873096
3589.119141 0.000000 147.961838 0.000000 0.872866 0.000000 -0.487961 1.076357 1.076357 1.076357
3588.746094 0.000000 150.727600 0.000000 0.936558 0.000000 0.350512 0.953509 0.953509 0.953509
3607.338135 0.000000 162.268158 0.000000 0.289816 0.000000 0.957083 0.811938 0.811938 0.811938
3590.029297 0.000000 147.124039 0.000000 0.482682 0.000000 0.875796 0.728270 0.728270 0.728270
3590.934814 0.000000 161.179291 0.000000 0.713515 0.000000 -0.700640 1.151168 1.151168 1.151168
3591.576904 0.000000 147.546219 0.000000 0.900099 0.000000 0.435686 0.885204 0.885204 0.885204
3591.508057 0.000000 148.734955 0.000000 0.641599 0.000000 0.767040 0.779565 0.779565 0.779565
3591.504150 0.000000 155.050476 0.000000 0.085676 0.000000 0.996323 0.603307 0.603307 0.603307
3641.973145 0.000000 205.478622 0.000000 0.256838 0.000000 0.966455 0.941084 0.941084 0.941084
3631.112549 0.000000 193.381256 0.000000 0.108823 0.000000 0.994061 0.959857 0.959857 0.959857
3645.343750 0.000000 208.419159 0.000000 0.728446 0.000000 0.685103 0.973620 0.973620 0.973620
3638.258545 0.000000 203.216965 0.000000 0.890679 0.000000 0.454634 0.950513 0.950513 0.950513
3641.665283 0.000000 209.744751 0.000000 0.999110 0.000000 0.042192 0.998420 0.998420 0.998420
3634.571289 0.000000 202.125061 0.000000 0.111133 0.000000 -0.993806 1.043723 1.043723 1.043723
3632.619141 0.000000 197.705048 0.000000 0.808203 0.000000 -0.588904 1.014149 1.014149 1.014149
3636.167236 0.000000 205.232574 0.000000 0.822792 0.000000 0.568343 0.930580 0.930580 0.930580
3626.156738 0.000000 202.611969 0.000000 0.500644 0.000000 0.865653 0.958200 0.958200 0.958200
3639.386963 0.000000 205.644928 0.000000 0.796374 0.000000 -0.604804 1.137832 1.137832 1.137832
3646.443604 0.000000 210.545776 0.000000 0.940562 0.000000 0.339623 0.967126 0.967126 0.967126
3644.089600 0.000000 210.594833 0.000000 0.999298 0.000000 -0.037475 1.006364 1.006364 1.006364
3631.264893 0.000000 195.858231 0.000000 0.135143 0.000000 0.990826 0.871007 0.871007 0.871007
3640.466309 0.000000 203.593536 0.000000 0.876139 0.000000 0.482058 0.974885 0.974885 0.974885
3637.895752 0.000000 200.975250 0.000000 0.995490 0.000000 -0.094866 1.031784 1.031784 1.031784
3644.583008 0.000000 206.482788 0.000000 0.101946 0.000000 -0.994790 1.109998 1.109998 1.109998
3632.666992 0.000000 202.591003 0.000000 0.885475 0.000000 0.464687 0.949326 0.949326 0.949326
3636.175781 0.000000 200.954651 0.000000 0.945487 0.000000 -0.325659 1.110969 1.110969 1.110969
3637.777832 0.000000 205.420074 0.000000 0.898669 0.000000 0.438627 0.947854 0.947854 0.947854
3626.555420 0.000000 204.209061 0.000000 0.472212 0.000000 0.881485 0.900331 0.900331 0.900331
3636.277344 0.000000 206.881393 0.000000 0.822669 0.000000 0.568520 0.933574 0.933574 0.933574
3637.152100 0.000000 204.128235 0.000000 0.728714 0.000000 0.684818 0.913369 0.913369 0.913369
3643.162109 0.000000 206.235092 0.000000 0.602328 0.000000 -0.798249 1.108465 1.108465 1.108465
3639.240723 0.000000 204.230301 0.000000 0.356050 0.000000 -0.934467 1.256082 1.256082 1.256082
3645.333984 0.000000 211.444748 0.000000 0.968912 0.000000 0.247407 0.957558 0.957558 0.957558
3647.625977 0.000000 210.530487 0.000000 0.923804 0.000000 0.382866 0.962726 0.962726 0.962726
2618.957031 0.000000 1050.343018 0.000000 0.737636 0.000000 0.675199 0.987046 0.987046 0.987046
2622.346436 0.000000 1048.065796 0.000000 0.543022 0.000000 0.839718 0.927834 0.927834 0.927834
2622.178955 0.000000 1050.806274 0.000000 0.494916 0.000000 0.868941 0.963194 0.963194 0.963194
2620.341553 0.000000 1046.968994 0.000000 0.227501 0.000000 0.973778 0.946423 0.946423 0.946423
2621.859375 0.000000 1049.401489 0.000000 0.381444 0.000000 0.924392 0.840996 0.840996 0.840996
2634.851318 0.000000 1048.821167 0.000000 0.284743 0.000000 -0.958604 1.048011 1.048011 1.048011
2629.167969 0.000000 1042.072388 0.000000 0.475359 0.000000 -0.879792 1.053697 1.053697 1.053697
2635.462891 0.000000 1056.917480 0.000000 0.225083 0.000000 -0.974340 1.063741 1.063741 1.063741
2632.287109 0.000000 1047.058350 0.000000 0.796973 0.000000 0.604015 0.961142 0.961142 0.961142
2634.196777 0.000000 1051.586670 0.000000 0.951405 0.000000 0.307943 0.980463 0.980463 0.980463
2626.452393 0.000000 1041.887573 0.000000 0.364754 0.000000 0.931104 0.949180 0.949180 0.949180
2637.486572 0.000000 1055.268799 0.000000 0.141680 0.000000 -0.989913 1.067767 1.067767 1.067767
2632.468750 0.000000 1051.342773 0.000000 0.980696 0.000000 0.195538 0.974451 0.974451 0.974451
2582.660889 0.000000 1119.166260 0.000000 0.975756 0.000000 0.218860 0.996144 0.996144 0.996144
2584.702637 0.000000 1110.066528 0.000000 0.358150 0.000000 0.933664 0.972936 0.972936 0.972936
2579.326172 0.000000 1096.757935 0.000000 0.503612 0.000000 0.863930 0.971357 0.971357 0.971357
2581.189941 0.000000 1113.998535 0.000000 0.097152 0.000000 -0.995270 1.047822 1.047822 1.047822
2585.094482 0.000000 1124.465088 0.000000 0.890478 0.000000 -0.455026 1.008256 1.008256 1.008256
2574.427002 0.000000 1098.899414 0.000000 0.153725 0.000000 -0.988114 1.229857 1.229857 1.229857
2583.976807 0.000000 1097.657959 0.000000 0.890853 0.000000 0.454291 0.984695 0.984695 0.984695
2582.015625 0.000000 1095.658081 0.000000 0.518919 0.000000 -0.854824 1.051190 1.051190 1.051190
2580.893066 0.000000 1093.601685 0.000000 0.526302 0.000000 0.850298 0.959394 0.959394 0.959394
2574.452393 0.000000 1096.803711 0.000000 0.368904 0.000000 0.929467 0.937456 0.937456 0.937456
2580.576660 0.000000 1115.515991 0.000000 0.968464 0.000000 0.249155 0.975483 0.975483 0.975483
2582.767578 0.000000 1114.253174 0.000000 0.532987 0.000000 -0.846123 1.214046 1.214046 1.214046
2585.752441 0.000000 1120.328491 0.000000 0.890846 0.000000 0.454305 0.951729 0.951729 0.951729
2575.561768 0.000000 1098.020752 0.000000 0.999278 0.000000 -0.038001 1.006168 1.006168 1.006168
2583.249512 0.000000 1115.203003 0.000000 0.948024 0.000000 0.318199 0.931281 0.931281 0.931281
3495.505859 0.000000 1945.114990 0.000000 0.938729 0.000000 -0.344656 1.004392 1.004392 1.004392
3509.097412 0.000000 1949.754150 0.000000 0.527025 0.000000 -0.849850 1.017750 1.017750 1.017750
3513.881592 0.000000 1951.520264 0.000000 0.004890 0.000000 -0.999988 1.054731 1.054731 1.054731
3496.736816 0.000000 1949.685913 0.000000 0.595405 0.000000 0.803425 0.951084 0.951084 0.951084
3500.998779 0.000000 1945.401489 0.000000 0.268191 0.000000 -0.963366 1.022706 1.022706 1.022706
3496.991943 0.000000 1953.964233 0.000000 0.995588 0.000000 -0.093832 1.002111 1.002111 1.002111
3499.942627 0.000000 1952.603638 0.000000 0.938834 0.000000 0.344370 0.985957 0.985957 0.985957
3504.118408 0.000000 1944.687744 0.000000 0.600428 0.000000 -0.799679 1.023137 1.023137 1.023137
3498.155273 0.000000 1946.967529 0.000000 0.715187 0.000000 0.698933 0.969087 0.969087 0.969087
3511.103516 0.000000 1951.936768 0.000000 0.107374 0.000000 0.994219 0.937899 0.937899 0.937899
3502.771240 0.000000 1952.648438 0.000000 0.097397 0.000000 0.995246 0.885981 0.885981 0.885981
3502.675049 0.000000 1947.353760 0.000000 0.942228 0.000000 0.334973 0.983797 0.983797 0.983797
3499.175049 0.000000 1950.179077 0.000000 0.798111 0.000000 0.602510 0.959641 0.959641 0.959641
3504.097412 0.000000 1950.107422 0.000000 0.215663 0.000000 -0.976468 1.094609 1.094609 1.094609
3567.848389 0.000000 1941.474609 0.000000 0.930398 0.000000 -0.366551 1.006559 1.006559 1.006559
3556.774902 0.000000 1965.448853 0.000000 0.728625 0.000000 0.684913 0.973630 0.973630 0.973630
3571.267090 0.000000 1956.365601 0.000000 0.365831 0.000000 0.930681 0.922350 0.922350 0.922350
3562.555420 0.000000 1927.477905 0.000000 0.980654 0.000000 -0.195751 1.000492 1.000492 1.000492
3553.359375 0.000000 1940.443237 0.000000 0.819014 0.000000 -0.573774 1.022885 1.022885 1.022885
3577.980957 0.000000 1933.056763 0.000000 0.346623 0.000000 0.938004 0.911902 0.911902 0.911902
3556.918213 0.000000 1952.661621 0.000000 0.384341 0.000000 -0.923191 1.041114 1.041114 1.041114
3565.708008 0.000000 1949.817627 0.000000 0.924787 0.000000 0.380485 0.988307 0.988307 0.988307
3555.093018 0.000000 1930.676147 0.000000 0.131033 0.000000 -0.991378 1.068276 1.068276 1.068276
3535.153564 0.000000 1952.480103 0.000000 0.904571 0.000000 0.426324 0.985706 0.985706 0.985706
3556.997314 0.000000 1925.275391 0.000000 0.723012 0.000000 0.690836 0.925745 0.925745 0.925745
3572.021729 0.000000 1944.633789 0.000000 0.638113 0.000000 0.769943 0.991225 0.991225 0.991225
3577.873779 0.000000 1951.520264 0.000000 0.124551 0.000000 0.992213 0.971121 0.971121 0.971121
3573.682861 0.000000 1935.312256 0.000000 0.356423 0.000000 0.934325 0.942777 0.942777 0.942777
3549.140137 0.000000 1943.164429 0.000000 0.631871 0.000000 -0.775073 1.022140 1.022140 1.022140
3571.440918 0.000000 1961.237671 0.000000 0.885772 0.000000 -0.464121 1.024099 1.024099 1.024099
3543.859619 0.000000 1929.454834 0.000000 0.255939 0.000000 -0.966693 1.022928 1.022928 1.022928
3564.990967 0.000000 1945.401489 0.000000 0.949392 0.000000 -0.314093 1.004786 1.004786 1.004786
3574.266357 0.000000 1930.795044 0.000000 0.862339 0.000000 -0.506332 1.021208 1.021208 1.021208
3560.984131 0.000000 1953.964233 0.000000 0.520427 0.000000 -0.853906 1.028106 1.028106 1.028106
3575.347900 0.000000 1954.822632 0.000000 0.973641 0.000000 0.228088 0.994830 0.994830 0.994830
3538.519287 0.000000 1949.374023 0.000000 0.619177 0.000000 -0.785252 1.018037 1.018037 1.018037
3556.857178 0.000000 1948.571167 0.000000 0.010454 0.000000 0.999945 0.953254 0.953254 0.953254
3542.579346 0.000000 1960.070557 0.000000 0.874011 0.000000 -0.485907 1.008867 1.008867 1.008867
3568.999023 0.000000 1964.036743 0.000000 0.699657 0.000000 -0.714479 1.021856 1.021856 1.021856
3556.852539 0.000000 1961.810547 0.000000 0.928325 0.000000 -0.371770 1.029480 1.029480 1.029480
3531.353516 0.000000 1952.698730 0.000000 0.409439 0.000000 0.912338 0.979921 0.979921 0.979921
3546.898926 0.000000 1931.423828 0.000000 0.939097 0.000000 0.343651 0.993869 0.993869 0.993869
3558.444336 0.000000 1928.391479 0.000000 0.081750 0.000000 -0.996653 1.048324 1.048324 1.048324
3546.596436 0.000000 1924.078369 0.000000 0.882259 0.000000 -0.470765 1.013461 1.013461 1.013461
3560.238770 0.000000 1924.820679 0.000000 0.796038 0.000000 -0.605246 1.017852 1.017852 1.017852
3554.768311 0.000000 1927.417603 0.000000 0.824589 0.000000 -0.565732 1.043536 1.043536 1.043536
3554.321777 0.000000 1963.560059 0.000000 0.732383 0.000000 0.680892 0.977562 0.977562 0.977562
3578.550537 0.000000 1930.084351 0.000000 0.980791 0.000000 -0.195059 1.005391 1.005391 1.005391
3535.541504 0.000000 1949.660889 0.000000 0.974954 0.000000 -0.222405 1.006159 1.006159 1.006159
3532.739746 0.000000 1955.134155 0.000000 0.972371 0.000000 -0.233441 1.007647 1.007647 1.007647
3551.071777 0.000000 1928.123413 0.000000 0.926563 0.000000 0.376139 0.989410 0.989410 0.989410
3565.416504 0.000000 1940.089844 0.000000 0.214380 0.000000 -0.976750 1.067643 1.067643 1.067643
3575.095703 0.000000 1951.936768 0.000000 0.811863 0.000000 0.583848 0.961088 0.961088 0.961088
3559.879150 0.000000 1965.644165 0.000000 0.608953 0.000000 0.793206 0.961121 0.961121 0.961121
3560.747803 0.000000 1939.473267 0.000000 0.148395 0.000000 -0.988928 1.070994 1.070994 1.070994
3563.809570 0.000000 1935.066406 0.000000 0.601827 0.000000 0.798627 0.969979 0.969979 0.969979
3556.031982 0.000000 1959.277588 0.000000 0.931620 0.000000 0.363435 0.984214 0.984214 0.984214
3573.244141 0.000000 1937.940552 0.000000 0.833265 0.000000 -0.552873 1.020475 1.020475 1.020475
3558.367188 0.000000 1950.606323 0.000000 0.741791 0.000000 -0.670631 1.044043 1.044043 1.044043
3570.666992 0.000000 1950.070801 0.000000 0.980033 0.000000 0.198833 0.987507 0.987507 0.987507
3561.215332 0.000000 1960.595337 0.000000 0.947082 0.000000 0.320992 0.982052 0.982052 0.982052
3576.279053 0.000000 1935.436035 0.000000 0.105139 0.000000 0.994458 0.912194 0.912194 0.912194
3576.474121 0.000000 1931.171631 0.000000 0.633081 0.000000 -0.774086 1.041992 1.041992 1.041992
3556.308594 0.000000 1928.881714 0.000000 0.349355 0.000000 -0.936990 1.066673 1.066673 1.066673
3571.996338 0.000000 1951.487549 0.000000 0.537681 0.000000 -0.843148 1.062608 1.062608 1.062608
3558.718506 0.000000 1925.978027 0.000000 0.123513 0.000000 0.992343 0.895240 0.895240 0.895240
3563.668457 0.000000 1939.872803 0.000000 0.360217 0.000000 0.932868 0.900948 0.900948 0.900948
3573.572510 0.000000 1951.490723 0.000000 0.632192 0.000000 0.774812 0.920333 0.920333 0.920333
2167.396240 0.000000 3448.922363 0.000000 0.797255 0.000000 -0.603643 1.011325 1.011325 1.011325
2171.540039 0.000000 3454.337402 0.000000 0.104878 0.000000 -0.994485 1.080504 1.080504 1.080504
2173.756348 0.000000 3465.424072 0.000000 0.154146 0.000000 0.988048 0.964648 0.964648 0.964648
2174.927979 0.000000 3462.059082 0.000000 0.473923 0.000000 -0.880566 1.059156 1.059156 1.059156
2170.119629 0.000000 3457.124512 0.000000 0.748308 0.000000 0.663352 0.960164 0.960164 0.960164
2171.330078 0.000000 3455.273193 0.000000 0.616211 0.000000 0.787581 0.950191 0.950191 0.950191
2169.269287 0.000000 3461.482422 0.000000 0.800866 0.000000 -0.598843 1.030456 1.030456 1.030456
2170.187256 0.000000 3463.154785 0.000000 0.385167 0.000000 0.922847 0.923704 0.923704 0.923704
2173.088623 0.000000 3462.179932 0.000000 0.727160 0.000000 0.686468 0.948999 0.948999 0.948999
2175.806152 0.000000 3464.405273 0.000000 0.624022 0.000000 0.781407 0.950738 0.950738 0.950738
5105.141602 0.000000 2700.825439 0.000000 0.228971 0.000000 0.973433 0.936449 0.936449 0.936449
5110.754395 0.000000 2707.870117 0.000000 0.884700 0.000000 -0.466161 1.004843 1.004843 1.004843
5115.047363 0.000000 2693.721191 0.000000 0.997346 0.000000 0.072814 0.999272 0.999272 0.999272
5108.267090 0.000000 2694.646973 0.000000 0.400109 0.000000 0.916468 0.950804 0.950804 0.950804
5108.902344 0.000000 2717.566650 0.000000 0.205110 0.000000 0.978739 0.989782 0.989782 0.989782
5113.686035 0.000000 2719.332764 0.000000 0.691584 0.000000 0.722296 0.983880 0.983880 0.983880
5100.016113 0.000000 2700.002197 0.000000 0.606697 0.000000 0.794933 0.965589 0.965589 0.965589
5095.617676 0.000000 2699.378662 0.000000 0.229955 0.000000 0.973201 0.983289 0.983289 0.983289
5111.287598 0.000000 2691.897949 0.000000 0.493179 0.000000 -0.869928 1.023706 1.023706 1.023706
5111.890137 0.000000 2695.537109 0.000000 0.865002 0.000000 -0.501769 1.017060 1.017060 1.017060
5100.518555 0.000000 2697.205322 0.000000 0.139667 0.000000 -0.990198 1.064291 1.064291 1.064291
5104.988770 0.000000 2703.641357 0.000000 0.999073 0.000000 0.043042 0.998388 0.998388 0.998388
5102.471680 0.000000 2701.978516 0.000000 0.788846 0.000000 0.614591 0.970257 0.970257 0.970257
5109.715820 0.000000 2696.365967 0.000000 0.733774 0.000000 -0.679393 1.033566 1.033566 1.033566
5104.487305 0.000000 2697.981689 0.000000 0.828923 0.000000 -0.559362 1.035568 1.035568 1.035568
5120.088867 0.000000 2721.509521 0.000000 0.997666 0.000000 0.068278 0.999488 0.999488 0.999488
"}
