object={
	name="tree_leaf_high_generator_1_0"
	clamp_to_water_level=no
	render_under_water=no
	generated_content=yes
	layer="tree_high_layer"
	pdxmesh="tree_leaf_01_a_mesh"
	count=13
	transform="3071.855469 0.000000 24.878559 0.000000 0.861055 0.000000 0.508511 0.793607 0.793607 0.793607
1671.379761 0.000000 2286.101562 0.000000 0.981685 0.000000 -0.190514 0.813399 0.813399 0.813399
1557.583130 0.000000 3381.533691 0.000000 0.415172 0.000000 0.909743 0.745228 0.745228 0.745228
2314.936035 0.000000 2261.710449 0.000000 0.993044 0.000000 -0.117743 0.813435 0.813435 0.813435
2332.686523 0.000000 2249.556641 0.000000 0.797274 0.000000 -0.603618 0.884128 0.884128 0.884128
4964.825195 0.000000 133.712875 0.000000 0.671346 0.000000 0.741144 0.773324 0.773324 0.773324
4975.251465 0.000000 136.842987 0.000000 0.552334 0.000000 0.833623 0.760629 0.760629 0.760629
4972.921875 0.000000 132.894760 0.000000 0.874135 0.000000 -0.485683 0.828361 0.828361 0.828361
4972.534180 0.000000 137.830307 0.000000 0.987512 0.000000 -0.157544 0.818326 0.818326 0.818326
4970.590332 0.000000 132.878540 0.000000 0.937732 0.000000 0.347358 0.744026 0.744026 0.744026
4968.061523 0.000000 135.577942 0.000000 0.528145 0.000000 0.849154 0.629819 0.629819 0.629819
4930.160645 0.000000 221.495300 0.000000 0.852931 0.000000 -0.522024 0.820842 0.820842 0.820842
4931.814941 0.000000 224.970200 0.000000 0.682609 0.000000 -0.730784 0.849100 0.849100 0.849100
"}
