object={
	name="tree_pine_01_a_generator_1_0"
	clamp_to_water_level=no
	render_under_water=no
	generated_content=yes
	layer="tree_high_layer"
	pdxmesh="tree_pine_single_01_a_mesh"
	count=25
	transform="2710.000000 0.000000 3015.189453 0.000000 0.988115 0.000000 -0.153717 1.000000 1.000000 1.000000
2708.877441 0.000000 3013.133057 0.000000 0.133734 0.000000 -0.991017 1.000000 1.000000 1.000000
2707.781494 0.000000 3014.544189 0.000000 0.987824 0.000000 0.155572 1.000000 1.000000 1.000000
2708.684326 0.000000 3015.603516 0.000000 0.423643 0.000000 -0.905829 1.000000 1.000000 1.000000
2706.431641 0.000000 3014.575439 0.000000 0.782126 0.000000 0.623120 1.000000 1.000000 1.000000
3155.255859 0.000000 3208.242432 0.000000 0.982930 0.000000 -0.183977 1.000000 1.000000 1.000000
3150.356689 0.000000 3210.383789 0.000000 0.634255 0.000000 0.773124 1.000000 1.000000 1.000000
3149.635010 0.000000 3206.431396 0.000000 0.803433 0.000000 0.595395 1.000000 1.000000 1.000000
4370.306152 0.000000 3032.156494 0.000000 0.717391 0.000000 0.696671 1.000000 1.000000 1.000000
4370.781250 0.000000 3034.708984 0.000000 0.902427 0.000000 -0.430844 1.000000 1.000000 1.000000
4420.372559 0.000000 3060.686523 0.000000 0.619262 0.000000 0.785184 1.000000 1.000000 1.000000
4423.001465 0.000000 3059.874023 0.000000 0.863206 0.000000 0.504851 1.000000 1.000000 1.000000
4422.539551 0.000000 3061.534424 0.000000 0.128609 0.000000 -0.991695 1.000000 1.000000 1.000000
4569.698242 0.000000 2989.666748 0.000000 0.369893 0.000000 0.929074 1.000000 1.000000 1.000000
4567.830078 0.000000 2986.290527 0.000000 0.014876 0.000000 -0.999889 1.000000 1.000000 1.000000
4508.225586 0.000000 3022.576416 0.000000 0.120506 0.000000 -0.992713 1.000000 1.000000 1.000000
5449.697754 0.000000 3324.901123 0.000000 0.215129 0.000000 0.976586 1.000000 1.000000 1.000000
5446.588867 0.000000 3324.499756 0.000000 0.177879 0.000000 -0.984052 1.000000 1.000000 1.000000
5450.219238 0.000000 3320.275146 0.000000 0.461381 0.000000 -0.887202 1.000000 1.000000 1.000000
5449.004883 0.000000 3319.454346 0.000000 0.298511 0.000000 0.954406 1.000000 1.000000 1.000000
5720.319824 0.000000 3157.566650 0.000000 0.364757 0.000000 0.931103 1.000000 1.000000 1.000000
5718.292480 0.000000 3155.271973 0.000000 0.968293 0.000000 0.249817 1.000000 1.000000 1.000000
5721.024414 0.000000 3155.473389 0.000000 0.222874 0.000000 -0.974847 1.000000 1.000000 1.000000
5774.593750 0.000000 3162.310303 0.000000 0.023889 0.000000 -0.999715 1.000000 1.000000 1.000000
6192.273438 0.000000 3063.098145 0.000000 0.683573 0.000000 -0.729883 1.000000 1.000000 1.000000
"}
object={
	name="tree_pine_01_a_generator_1_1"
	clamp_to_water_level=no
	render_under_water=no
	generated_content=yes
	layer="tree_high_layer"
	pdxmesh="tree_pine_single_01_b_mesh"
	count=28
	transform="1338.147217 0.000000 2143.473389 0.000000 0.211985 0.000000 0.977273 1.000000 1.000000 1.000000
1342.153931 0.000000 2151.629639 0.000000 0.368860 0.000000 -0.929485 1.000000 1.000000 1.000000
2721.554932 0.000000 3025.300293 0.000000 0.077258 0.000000 0.997011 1.000000 1.000000 1.000000
2711.745605 0.000000 3015.407471 0.000000 0.938698 0.000000 0.344742 1.000000 1.000000 1.000000
3163.984131 0.000000 3206.883545 0.000000 0.381377 0.000000 -0.924420 1.000000 1.000000 1.000000
3150.382080 0.000000 3208.288086 0.000000 0.049608 0.000000 -0.998769 1.000000 1.000000 1.000000
4372.971191 0.000000 3033.529785 0.000000 0.473525 0.000000 0.880780 1.000000 1.000000 1.000000
4370.417969 0.000000 3037.108398 0.000000 0.973965 0.000000 0.226700 1.000000 1.000000 1.000000
4426.344238 0.000000 3064.337646 0.000000 0.852252 0.000000 0.523131 1.000000 1.000000 1.000000
4425.129883 0.000000 3063.516846 0.000000 0.499529 0.000000 -0.866297 1.000000 1.000000 1.000000
4542.812012 0.000000 2999.351074 0.000000 0.575536 0.000000 0.817777 1.000000 1.000000 1.000000
4544.745117 0.000000 2999.827148 0.000000 0.995676 0.000000 0.092890 1.000000 1.000000 1.000000
4545.079590 0.000000 2997.000977 0.000000 0.984437 0.000000 0.175740 1.000000 1.000000 1.000000
4545.395020 0.000000 3002.441895 0.000000 0.445537 0.000000 -0.895264 1.000000 1.000000 1.000000
4567.732910 0.000000 2988.666748 0.000000 0.319246 0.000000 -0.947672 1.000000 1.000000 1.000000
4500.830566 0.000000 3018.891357 0.000000 0.468577 0.000000 -0.883422 1.000000 1.000000 1.000000
4505.256836 0.000000 3021.799316 0.000000 0.991834 0.000000 0.127535 1.000000 1.000000 1.000000
4506.020020 0.000000 3023.583740 0.000000 0.091547 0.000000 -0.995801 1.000000 1.000000 1.000000
5448.596680 0.000000 3318.029785 0.000000 0.119985 0.000000 -0.992776 1.000000 1.000000 1.000000
5450.572266 0.000000 3322.753174 0.000000 0.401046 0.000000 -0.916058 1.000000 1.000000 1.000000
5449.681152 0.000000 3321.628418 0.000000 0.073950 0.000000 -0.997262 1.000000 1.000000 1.000000
5449.272461 0.000000 3322.903809 0.000000 0.350774 0.000000 0.936460 1.000000 1.000000 1.000000
5448.927734 0.000000 3320.673584 0.000000 0.977335 0.000000 -0.211699 1.000000 1.000000 1.000000
5719.651367 0.000000 3154.515625 0.000000 0.707040 0.000000 -0.707174 1.000000 1.000000 1.000000
5719.584473 0.000000 3155.886230 0.000000 0.746126 0.000000 0.665805 1.000000 1.000000 1.000000
5721.364746 0.000000 3154.323730 0.000000 0.869732 0.000000 -0.493525 1.000000 1.000000 1.000000
5775.097168 0.000000 3163.193848 0.000000 0.620397 0.000000 -0.784288 1.000000 1.000000 1.000000
6195.617188 0.000000 3065.081299 0.000000 0.643780 0.000000 0.765210 1.000000 1.000000 1.000000
"}
object={
	name="tree_pine_01_a_generator_1_2"
	clamp_to_water_level=no
	render_under_water=no
	generated_content=yes
	layer="tree_high_layer"
	pdxmesh="tree_pine_single_01_c_mesh"
	count=24
	transform="1341.113647 0.000000 2147.636230 0.000000 0.987611 0.000000 0.156922 1.000000 1.000000 1.000000
1343.869873 0.000000 2150.285645 0.000000 0.731291 0.000000 -0.682066 1.000000 1.000000 1.000000
1346.298218 0.000000 2148.181396 0.000000 0.373114 0.000000 -0.927786 1.000000 1.000000 1.000000
2721.460938 0.000000 3028.177490 0.000000 0.348914 0.000000 0.937155 1.000000 1.000000 1.000000
2706.412354 0.000000 3013.308594 0.000000 0.785758 0.000000 -0.618534 1.000000 1.000000 1.000000
3151.659180 0.000000 3206.774658 0.000000 0.586065 0.000000 -0.810264 1.000000 1.000000 1.000000
3148.103027 0.000000 3208.086182 0.000000 0.967621 0.000000 0.252409 1.000000 1.000000 1.000000
3152.948975 0.000000 3209.508301 0.000000 0.891489 0.000000 -0.453042 1.000000 1.000000 1.000000
4424.721680 0.000000 3062.092285 0.000000 0.998993 0.000000 0.044865 1.000000 1.000000 1.000000
4542.560059 0.000000 2997.112061 0.000000 0.722121 0.000000 -0.691767 1.000000 1.000000 1.000000
4570.415039 0.000000 2985.086670 0.000000 0.180000 0.000000 0.983667 1.000000 1.000000 1.000000
4567.116211 0.000000 2993.696777 0.000000 0.144242 0.000000 0.989542 1.000000 1.000000 1.000000
4566.527832 0.000000 2990.754883 0.000000 0.346542 0.000000 -0.938035 1.000000 1.000000 1.000000
4569.535645 0.000000 2987.469238 0.000000 0.831863 0.000000 -0.554981 1.000000 1.000000 1.000000
4504.468262 0.000000 3029.597900 0.000000 0.822534 0.000000 0.568716 1.000000 1.000000 1.000000
4502.180664 0.000000 3021.585449 0.000000 0.940568 0.000000 0.339605 1.000000 1.000000 1.000000
4500.233398 0.000000 3025.109131 0.000000 0.965288 0.000000 -0.261188 1.000000 1.000000 1.000000
4498.651367 0.000000 3023.018799 0.000000 0.796995 0.000000 0.603986 1.000000 1.000000 1.000000
4500.003418 0.000000 3020.932617 0.000000 0.951409 0.000000 -0.307931 1.000000 1.000000 1.000000
4500.690918 0.000000 3022.974365 0.000000 0.569462 0.000000 -0.822018 1.000000 1.000000 1.000000
5448.241699 0.000000 3321.849854 0.000000 0.992371 0.000000 -0.123289 1.000000 1.000000 1.000000
5448.269043 0.000000 3323.710205 0.000000 0.716648 0.000000 -0.697435 1.000000 1.000000 1.000000
5449.729492 0.000000 3318.410156 0.000000 0.891679 0.000000 -0.452668 1.000000 1.000000 1.000000
5776.602539 0.000000 3163.704102 0.000000 0.873336 0.000000 0.487118 1.000000 1.000000 1.000000
"}
