object={
	name="tree_leaf_high_generator_2_0"
	clamp_to_water_level=no
	render_under_water=no
	generated_content=yes
	layer="tree_high_layer"
	pdxmesh="tree_leaf_01_b_mesh"
	count=6
	transform="3076.986084 0.000000 24.326462 0.000000 0.972312 0.000000 0.233687 0.397056 0.397056 0.397056
1668.054321 0.000000 2286.814209 0.000000 0.737566 0.000000 -0.675275 0.410364 0.410364 0.410364
2312.520020 0.000000 2259.781250 0.000000 0.808704 0.000000 -0.588216 0.402826 0.402826 0.402826
2317.636719 0.000000 2257.037842 0.000000 0.758641 0.000000 -0.651509 0.426572 0.426572 0.426572
2312.326172 0.000000 2262.761475 0.000000 0.961794 0.000000 -0.273773 0.409139 0.409139 0.409139
3948.469971 0.000000 3129.471680 0.000000 0.981898 0.000000 0.189409 0.378687 0.378687 0.378687
"}
