object={
	name="tree_palm_generator_1_0"
	clamp_to_water_level=no
	render_under_water=no
	generated_content=yes
	layer="tree_high_layer"
	pdxmesh="tree_palm_01_a_mesh"
	count=96
	transform="547.460083 0.000000 1290.832397 0.000000 0.762727 0.000000 0.646721 0.672470 0.672470 0.672470
549.931274 0.000000 1290.824341 0.000000 0.389203 0.000000 0.921152 0.636150 0.636150 0.636150
1622.778076 0.000000 1375.103760 0.000000 0.106423 0.000000 -0.994321 0.716376 0.716376 0.716376
1619.353027 0.000000 1377.798950 0.000000 0.954637 0.000000 0.297771 0.690278 0.690278 0.690278
1618.753662 0.000000 1373.514648 0.000000 0.997681 0.000000 -0.068058 0.701333 0.701333 0.701333
1620.302856 0.000000 1375.381836 0.000000 0.978219 0.000000 0.207575 0.689184 0.689184 0.689184
1664.027344 0.000000 1368.550415 0.000000 0.940779 0.000000 -0.339021 0.708704 0.708704 0.708704
1249.518921 0.000000 1640.477905 0.000000 0.484143 0.000000 0.874989 0.641909 0.641909 0.641909
2980.845215 0.000000 429.823883 0.000000 0.008393 0.000000 -0.999965 0.859457 0.859457 0.859457
2980.922852 0.000000 426.185516 0.000000 0.895014 0.000000 0.446038 0.682548 0.682548 0.682548
2980.509277 0.000000 428.026733 0.000000 0.906952 0.000000 0.421235 0.655624 0.655624 0.655624
3471.161377 0.000000 32.948891 0.000000 0.996011 0.000000 0.089235 0.696377 0.696377 0.696377
3498.186768 0.000000 47.834797 0.000000 0.951160 0.000000 -0.308698 0.709652 0.709652 0.709652
3493.562012 0.000000 57.424847 0.000000 0.669038 0.000000 -0.743229 0.767942 0.767942 0.767942
3503.820801 0.000000 48.199036 0.000000 0.293388 0.000000 0.955993 0.614571 0.614571 0.614571
3475.126465 0.000000 34.127102 0.000000 0.049664 0.000000 0.998766 0.512858 0.512858 0.512858
3504.853271 0.000000 51.556702 0.000000 0.879741 0.000000 -0.475454 0.727709 0.727709 0.727709
3514.132568 0.000000 58.428101 0.000000 0.947482 0.000000 0.319809 0.690898 0.690898 0.690898
3471.549316 0.000000 30.129662 0.000000 0.973758 0.000000 -0.227587 0.716371 0.716371 0.716371
3473.427002 0.000000 32.036243 0.000000 0.686301 0.000000 -0.727318 0.777424 0.777424 0.777424
3519.209961 0.000000 58.518578 0.000000 0.082380 0.000000 0.996601 0.595961 0.595961 0.595961
3518.249268 0.000000 60.479248 0.000000 0.979625 0.000000 0.200834 0.687844 0.687844 0.687844
3475.759277 0.000000 35.962463 0.000000 0.364872 0.000000 -0.931058 0.847304 0.847304 0.847304
3492.049805 0.000000 56.483643 0.000000 0.865699 0.000000 0.500565 0.657490 0.657490 0.657490
3517.206787 0.000000 59.330723 0.000000 0.822496 0.000000 -0.568771 0.766822 0.766822 0.766822
3476.844482 0.000000 34.979080 0.000000 0.961105 0.000000 0.276183 0.665182 0.665182 0.665182
3519.672363 0.000000 61.071609 0.000000 0.696485 0.000000 0.717571 0.651888 0.651888 0.651888
3519.571777 0.000000 58.388916 0.000000 0.755305 0.000000 0.655374 0.650042 0.650042 0.650042
3521.072510 0.000000 79.840820 0.000000 0.982409 0.000000 -0.186744 0.701576 0.701576 0.701576
3542.543701 0.000000 95.416229 0.000000 0.621444 0.000000 -0.783458 0.731464 0.731464 0.731464
3529.245605 0.000000 74.229836 0.000000 0.200439 0.000000 -0.979706 0.832062 0.832062 0.832062
3528.371582 0.000000 84.312469 0.000000 0.773595 0.000000 0.633680 0.659701 0.659701 0.659701
3550.286133 0.000000 99.793129 0.000000 0.432043 0.000000 -0.901853 0.734573 0.734573 0.734573
3541.072754 0.000000 90.248505 0.000000 0.651059 0.000000 0.759027 0.675902 0.675902 0.675902
3545.759521 0.000000 91.823761 0.000000 0.399691 0.000000 -0.916650 0.776197 0.776197 0.776197
3547.138916 0.000000 96.234650 0.000000 0.103406 0.000000 0.994639 0.667180 0.667180 0.667180
3542.884766 0.000000 92.519196 0.000000 0.296912 0.000000 -0.954905 0.804703 0.804703 0.804703
3547.916748 0.000000 93.513077 0.000000 0.850847 0.000000 -0.525413 0.734030 0.734030 0.734030
3545.080811 0.000000 94.453308 0.000000 0.541084 0.000000 -0.840969 0.808948 0.808948 0.808948
3527.081055 0.000000 73.457047 0.000000 0.999467 0.000000 0.032644 0.695846 0.695846 0.695846
3548.811523 0.000000 97.132187 0.000000 0.447016 0.000000 0.894526 0.591628 0.591628 0.591628
3529.486084 0.000000 72.552177 0.000000 0.241645 0.000000 0.970365 0.570159 0.570159 0.570159
3544.205811 0.000000 95.976875 0.000000 0.732714 0.000000 0.680536 0.618377 0.618377 0.618377
3529.864990 0.000000 75.924911 0.000000 0.637950 0.000000 -0.770078 0.784791 0.784791 0.784791
3542.650391 0.000000 90.503181 0.000000 0.270459 0.000000 -0.962732 0.866814 0.866814 0.866814
3544.583984 0.000000 92.899521 0.000000 0.393126 0.000000 -0.919484 0.879434 0.879434 0.879434
3546.822510 0.000000 94.738922 0.000000 0.871685 0.000000 -0.490067 0.779481 0.779481 0.779481
3553.359375 0.000000 148.880707 0.000000 0.645447 0.000000 -0.763805 0.755898 0.755898 0.755898
3555.066162 0.000000 128.531250 0.000000 0.746903 0.000000 0.664933 0.656271 0.656271 0.656271
3531.427979 0.000000 143.397339 0.000000 0.978533 0.000000 0.206091 0.639056 0.639056 0.639056
3531.628662 0.000000 173.622742 0.000000 0.431554 0.000000 0.902087 0.671700 0.671700 0.671700
3552.656738 0.000000 160.228119 0.000000 0.271138 0.000000 0.962540 0.672817 0.672817 0.672817
3557.744141 0.000000 130.482697 0.000000 0.099690 0.000000 -0.995018 0.741129 0.741129 0.741129
3554.550781 0.000000 131.674484 0.000000 0.727296 0.000000 0.686324 0.616455 0.616455 0.616455
3528.717529 0.000000 145.166855 0.000000 0.907457 0.000000 0.420145 0.655141 0.655141 0.655141
3531.449219 0.000000 140.253250 0.000000 0.107322 0.000000 0.994224 0.558844 0.558844 0.558844
3552.161865 0.000000 151.849289 0.000000 0.886807 0.000000 -0.462140 0.716791 0.716791 0.716791
3553.453369 0.000000 146.003387 0.000000 0.991152 0.000000 0.132733 0.691439 0.691439 0.691439
3533.858643 0.000000 175.010376 0.000000 0.944191 0.000000 -0.329398 0.725811 0.725811 0.725811
3550.687500 0.000000 149.430923 0.000000 0.541677 0.000000 0.840586 0.575776 0.575776 0.575776
3559.138672 0.000000 156.029633 0.000000 0.977078 0.000000 -0.212882 0.730292 0.730292 0.730292
3572.813965 0.000000 171.822037 0.000000 0.999969 0.000000 -0.007817 0.700536 0.700536 0.700536
3529.318604 0.000000 143.057755 0.000000 0.786598 0.000000 0.617466 0.655339 0.655339 0.655339
3555.871338 0.000000 130.354294 0.000000 0.840433 0.000000 -0.541916 0.763255 0.763255 0.763255
3532.255371 0.000000 175.653397 0.000000 0.865653 0.000000 0.500644 0.659681 0.659681 0.659681
3531.840576 0.000000 145.069565 0.000000 0.832943 0.000000 -0.553359 0.747549 0.747549 0.747549
3530.462891 0.000000 141.737503 0.000000 0.781793 0.000000 0.623538 0.635053 0.635053 0.635053
3530.323486 0.000000 174.830658 0.000000 0.999661 0.000000 -0.026022 0.702583 0.702583 0.702583
3550.703369 0.000000 151.227768 0.000000 0.985378 0.000000 0.170383 0.682047 0.682047 0.682047
3558.465576 0.000000 157.452896 0.000000 0.914421 0.000000 -0.404764 0.758843 0.758843 0.758843
3551.929443 0.000000 148.640228 0.000000 0.508758 0.000000 0.860910 0.570961 0.570961 0.570961
3559.765381 0.000000 157.229706 0.000000 0.232353 0.000000 -0.972632 0.888692 0.888692 0.888692
3358.309570 0.000000 675.652527 0.000000 0.413588 0.000000 0.910464 0.612002 0.612002 0.612002
3357.689209 0.000000 679.416321 0.000000 0.864557 0.000000 0.502535 0.663194 0.663194 0.663194
3357.986328 0.000000 671.164185 0.000000 0.272482 0.000000 -0.962161 0.804995 0.804995 0.804995
3361.641357 0.000000 674.862366 0.000000 0.591440 0.000000 0.806349 0.672462 0.672462 0.672462
3355.940186 0.000000 669.372437 0.000000 0.265407 0.000000 -0.964136 0.776462 0.776462 0.776462
3358.592041 0.000000 673.393372 0.000000 0.999206 0.000000 -0.039851 0.702452 0.702452 0.702452
3358.631836 0.000000 677.565063 0.000000 0.911287 0.000000 0.411771 0.663807 0.663807 0.663807
2808.304199 0.000000 1268.057251 0.000000 0.417764 0.000000 -0.908556 0.811548 0.811548 0.811548
2804.173096 0.000000 1266.248779 0.000000 0.929639 0.000000 -0.368471 0.721631 0.721631 0.721631
2804.379883 0.000000 1264.430542 0.000000 0.072718 0.000000 0.997353 0.515699 0.515699 0.515699
2805.509033 0.000000 1265.434814 0.000000 0.279221 0.000000 0.960227 0.541560 0.541560 0.541560
2941.295654 0.000000 1344.478394 0.000000 0.993861 0.000000 -0.110635 0.701395 0.701395 0.701395
2960.707031 0.000000 1361.089478 0.000000 0.212863 0.000000 0.977082 0.656388 0.656388 0.656388
2487.692871 0.000000 1659.910522 0.000000 0.839656 0.000000 0.543119 0.672708 0.672708 0.672708
2486.096436 0.000000 1660.217529 0.000000 0.673101 0.000000 -0.739550 0.944388 0.944388 0.944388
2487.090576 0.000000 1661.111084 0.000000 0.479259 0.000000 0.877674 0.385565 0.385565 0.385565
2989.529785 0.000000 1642.909912 0.000000 0.945364 0.000000 0.326017 0.696750 0.696750 0.696750
2993.399414 0.000000 1613.091064 0.000000 0.120955 0.000000 -0.992658 0.726345 0.726345 0.726345
2990.213379 0.000000 1616.940186 0.000000 0.928990 0.000000 0.370104 0.688869 0.688869 0.688869
2988.274170 0.000000 1612.267944 0.000000 0.741934 0.000000 -0.670473 0.708219 0.708219 0.708219
3728.613281 0.000000 1105.151978 0.000000 0.945604 0.000000 0.325319 0.689345 0.689345 0.689345
3725.145020 0.000000 1108.517822 0.000000 0.849027 0.000000 -0.528350 0.707782 0.707782 0.707782
3728.155273 0.000000 1110.754517 0.000000 0.999642 0.000000 -0.026755 0.700823 0.700823 0.700823
3733.791992 0.000000 1110.936157 0.000000 0.540535 0.000000 -0.841322 0.730749 0.730749 0.730749
"}
