object={
	name="tree_jungle_01_c_generator_1_0"
	clamp_to_water_level=no
	render_under_water=no
	generated_content=yes
	layer="tree_high_layer"
	pdxmesh="tree_jungle_01_c_mesh"
	count=277
	transform="1680.237793 0.000000 429.264313 0.000000 0.904737 0.000000 0.425971 0.891102 0.891102 0.891102
1690.766479 0.000000 425.711731 0.000000 0.812101 0.000000 0.583518 0.893000 0.893000 0.893000
1694.495605 0.000000 432.573395 0.000000 0.997118 0.000000 0.075864 0.897441 0.897441 0.897441
1886.472168 0.000000 432.573395 0.000000 0.993154 0.000000 0.116813 0.896317 0.896317 0.896317
1906.949097 0.000000 438.471741 0.000000 0.805387 0.000000 -0.592749 0.907128 0.907128 0.907128
1900.720093 0.000000 442.127991 0.000000 0.998941 0.000000 -0.046017 0.901034 0.901034 0.901034
1898.382080 0.000000 431.741058 0.000000 0.377977 0.000000 -0.925815 0.939877 0.939877 0.939877
1914.957642 0.000000 439.467468 0.000000 0.931683 0.000000 -0.363273 0.911695 0.911695 0.911695
1889.518311 0.000000 430.859283 0.000000 0.113691 0.000000 -0.993516 0.975288 0.975288 0.975288
1889.323608 0.000000 433.486572 0.000000 0.982352 0.000000 0.187039 0.887318 0.887318 0.887318
1843.478027 0.000000 484.725006 0.000000 0.972074 0.000000 0.234676 0.892548 0.892548 0.892548
1837.670410 0.000000 491.191223 0.000000 0.943810 0.000000 0.330490 0.892432 0.892432 0.892432
1845.300659 0.000000 478.113556 0.000000 0.534896 0.000000 0.844918 0.890955 0.890955 0.890955
1853.210938 0.000000 468.714233 0.000000 0.689619 0.000000 -0.724172 0.910918 0.910918 0.910918
1841.682373 0.000000 480.576538 0.000000 0.530607 0.000000 0.847618 0.879546 0.879546 0.879546
1841.209961 0.000000 492.396179 0.000000 0.334695 0.000000 0.942327 0.861324 0.861324 0.861324
2486.756348 0.000000 0.752235 0.000000 0.796205 0.000000 0.605027 0.886860 0.886860 0.886860
2467.198975 0.000000 0.562499 0.000000 0.400194 0.000000 -0.916430 0.910417 0.910417 0.910417
2479.253174 0.000000 1.428127 0.000000 0.854134 0.000000 -0.520052 0.912288 0.912288 0.912288
2496.067871 0.000000 3.293119 0.000000 0.882929 0.000000 -0.469506 0.903294 0.903294 0.903294
2746.082520 0.000000 13.525491 0.000000 0.545291 0.000000 -0.838247 0.942437 0.942437 0.942437
2749.686035 0.000000 10.267801 0.000000 0.366111 0.000000 0.930571 0.838194 0.838194 0.838194
2750.528564 0.000000 13.390759 0.000000 0.804765 0.000000 0.593593 0.858590 0.858590 0.858590
2748.285645 0.000000 12.444020 0.000000 0.505954 0.000000 -0.862560 0.974799 0.974799 0.974799
2753.166260 0.000000 15.856441 0.000000 0.528060 0.000000 0.849207 0.888603 0.888603 0.888603
2768.730469 0.000000 17.417576 0.000000 0.032286 0.000000 0.999479 0.868888 0.868888 0.868888
2761.339355 0.000000 10.245461 0.000000 0.978749 0.000000 -0.205062 0.901392 0.901392 0.901392
2760.465332 0.000000 20.328096 0.000000 0.710778 0.000000 0.703416 0.845657 0.845657 0.845657
2753.981445 0.000000 9.461849 0.000000 0.114935 0.000000 -0.993373 0.926165 0.926165 0.926165
2774.391602 0.000000 14.319715 0.000000 0.971303 0.000000 0.237844 0.896223 0.896223 0.896223
2763.521729 0.000000 15.428593 0.000000 0.842173 0.000000 -0.539207 0.951184 0.951184 0.951184
2758.488525 0.000000 14.903539 0.000000 0.519395 0.000000 0.854534 0.867768 0.867768 0.867768
2765.262207 0.000000 20.783491 0.000000 0.994388 0.000000 0.105793 0.897142 0.897142 0.897142
2751.784912 0.000000 12.487598 0.000000 0.950209 0.000000 0.311614 0.879351 0.879351 0.879351
2760.811279 0.000000 17.198101 0.000000 0.931319 0.000000 0.364205 0.866496 0.866496 0.866496
2763.542969 0.000000 12.284493 0.000000 0.157705 0.000000 -0.987486 0.976166 0.976166 0.976166
2765.582031 0.000000 17.584753 0.000000 0.122483 0.000000 -0.992471 0.965070 0.965070 0.965070
2763.060547 0.000000 18.795414 0.000000 0.924941 0.000000 -0.380110 0.925407 0.925407 0.925407
2761.412354 0.000000 15.089000 0.000000 0.608537 0.000000 0.793526 0.819681 0.819681 0.819681
5042.566406 0.000000 1142.299927 0.000000 0.363513 0.000000 -0.931589 0.937709 0.937709 0.937709
5053.557617 0.000000 1138.820557 0.000000 0.991423 0.000000 -0.130692 0.903534 0.903534 0.903534
5047.044922 0.000000 1145.484863 0.000000 0.539783 0.000000 0.841804 0.879765 0.879765 0.879765
5043.261230 0.000000 1129.440796 0.000000 0.848341 0.000000 -0.529450 0.931341 0.931341 0.931341
5043.899414 0.000000 1138.280029 0.000000 0.065317 0.000000 0.997865 0.818819 0.818819 0.818819
5040.666016 0.000000 1139.291016 0.000000 0.325833 0.000000 -0.945427 0.969592 0.969592 0.969592
5045.760254 0.000000 1142.509399 0.000000 0.754521 0.000000 0.656276 0.869439 0.869439 0.869439
5043.757812 0.000000 1145.550171 0.000000 0.984292 0.000000 0.176550 0.892423 0.892423 0.892423
5071.823730 0.000000 1133.092407 0.000000 0.042754 0.000000 0.999086 0.814167 0.814167 0.814167
5055.883789 0.000000 1138.850952 0.000000 0.776660 0.000000 0.629920 0.863252 0.863252 0.863252
5068.810547 0.000000 1144.182373 0.000000 0.346121 0.000000 -0.938190 0.932823 0.932823 0.932823
5073.463867 0.000000 1140.178589 0.000000 0.904686 0.000000 0.426078 0.892088 0.892088 0.892088
5071.755371 0.000000 1149.875854 0.000000 0.963576 0.000000 -0.267436 0.915208 0.915208 0.915208
5069.366211 0.000000 1137.393921 0.000000 0.658032 0.000000 0.752990 0.886590 0.886590 0.886590
5067.441406 0.000000 1133.388428 0.000000 0.311012 0.000000 0.950406 0.835167 0.835167 0.835167
5077.153320 0.000000 1142.080444 0.000000 0.103141 0.000000 -0.994667 0.982431 0.982431 0.982431
5066.983398 0.000000 1129.315186 0.000000 0.172876 0.000000 -0.984944 0.978475 0.978475 0.978475
5069.003906 0.000000 1147.754395 0.000000 0.986976 0.000000 -0.160867 0.907260 0.907260 0.907260
5062.965820 0.000000 1134.382812 0.000000 0.884265 0.000000 -0.466985 0.927293 0.927293 0.927293
5069.410645 0.000000 1131.115723 0.000000 0.996368 0.000000 -0.085150 0.904214 0.904214 0.904214
5069.670898 0.000000 1134.776001 0.000000 0.401467 0.000000 0.915873 0.834971 0.834971 0.834971
4979.095215 0.000000 1252.537476 0.000000 0.679178 0.000000 0.733974 0.853705 0.853705 0.853705
4952.413574 0.000000 1238.035278 0.000000 0.679269 0.000000 -0.733889 0.946288 0.946288 0.946288
4947.037109 0.000000 1224.726685 0.000000 0.964629 0.000000 0.263610 0.890410 0.890410 0.890410
4942.981445 0.000000 1248.651978 0.000000 0.999228 0.000000 0.039299 0.899558 0.899558 0.899558
4950.125977 0.000000 1230.022827 0.000000 0.853951 0.000000 -0.520354 0.915985 0.915985 0.915985
4984.092285 0.000000 1255.299316 0.000000 0.521858 0.000000 0.853032 0.847196 0.847196 0.847196
4979.269043 0.000000 1257.409546 0.000000 0.960544 0.000000 0.278130 0.893034 0.893034 0.893034
4943.180664 0.000000 1252.601562 0.000000 0.550269 0.000000 -0.834987 0.955504 0.955504 0.955504
4990.057617 0.000000 1240.018921 0.000000 0.042309 0.000000 0.999105 0.855354 0.855354 0.855354
4981.032715 0.000000 1254.955811 0.000000 0.919508 0.000000 0.393072 0.867324 0.867324 0.867324
4951.917480 0.000000 1241.017212 0.000000 0.980633 0.000000 0.195854 0.889813 0.889813 0.889813
4948.775879 0.000000 1227.328735 0.000000 0.997709 0.000000 -0.067649 0.903803 0.903803 0.903803
5028.595215 0.000000 1197.636353 0.000000 0.042900 0.000000 0.999079 0.824474 0.824474 0.824474
5033.999023 0.000000 1199.553589 0.000000 0.653401 0.000000 0.757012 0.859481 0.859481 0.859481
5032.749512 0.000000 1195.242432 0.000000 0.883365 0.000000 0.468686 0.869311 0.869311 0.869311
5028.672852 0.000000 1193.998047 0.000000 0.648059 0.000000 0.761590 0.855259 0.855259 0.855259
5030.620605 0.000000 1200.416626 0.000000 0.298634 0.000000 0.954368 0.840192 0.840192 0.840192
5031.699219 0.000000 1197.831665 0.000000 0.659156 0.000000 0.752006 0.852192 0.852192 0.852192
5030.318848 0.000000 1195.902100 0.000000 0.984783 0.000000 0.173789 0.880376 0.880376 0.880376
5102.932617 0.000000 1153.146851 0.000000 0.360024 0.000000 -0.932943 0.981057 0.981057 0.981057
5108.267090 0.000000 1159.021973 0.000000 0.934447 0.000000 -0.356101 0.908999 0.908999 0.908999
5071.975586 0.000000 1155.473511 0.000000 0.998950 0.000000 0.045809 0.897941 0.897941 0.897941
5106.602051 0.000000 1155.167969 0.000000 0.568808 0.000000 0.822470 0.841412 0.841412 0.841412
5072.912598 0.000000 1151.724487 0.000000 0.289458 0.000000 0.957191 0.865565 0.865565 0.865565
5106.391602 0.000000 1161.890747 0.000000 0.702864 0.000000 0.711325 0.875106 0.875106 0.875106
5104.439453 0.000000 1157.470703 0.000000 0.999088 0.000000 0.042694 0.897601 0.897601 0.897601
5107.323242 0.000000 1152.155518 0.000000 0.002019 0.000000 -0.999998 0.970498 0.970498 0.970498
5105.070801 0.000000 1152.378174 0.000000 0.809785 0.000000 -0.586727 0.960580 0.960580 0.960580
5104.610352 0.000000 1154.324707 0.000000 0.466784 0.000000 -0.884372 1.012158 1.012158 1.012158
5039.668945 0.000000 1237.646484 0.000000 0.086999 0.000000 0.996208 0.829993 0.829993 0.829993
5028.595215 0.000000 1261.620728 0.000000 0.873736 0.000000 -0.486400 0.907989 0.907989 0.907989
5034.375977 0.000000 1223.649780 0.000000 0.907058 0.000000 -0.421005 0.911717 0.911717 0.911717
4991.621094 0.000000 1240.581665 0.000000 0.994042 0.000000 -0.108998 0.903190 0.903190 0.903190
4992.104492 0.000000 1249.868774 0.000000 0.034809 0.000000 0.999394 0.855135 0.855135 0.855135
5026.913086 0.000000 1226.848022 0.000000 0.919734 0.000000 0.392541 0.888217 0.888217 0.888217
5031.237793 0.000000 1255.142212 0.000000 0.271290 0.000000 -0.962498 0.958242 0.958242 0.958242
5025.058105 0.000000 1256.571655 0.000000 0.422185 0.000000 -0.906510 0.951002 0.951002 0.951002
5028.817383 0.000000 1221.447266 0.000000 0.318112 0.000000 0.948053 0.866376 0.866376 0.866376
4994.152832 0.000000 1245.245239 0.000000 0.998117 0.000000 0.061335 0.898897 0.898897 0.898897
5031.625488 0.000000 1227.738159 0.000000 0.606022 0.000000 -0.795448 0.928932 0.928932 0.928932
5027.404297 0.000000 1252.843872 0.000000 0.910857 0.000000 0.412723 0.889485 0.889485 0.889485
5032.804199 0.000000 1250.136108 0.000000 0.882728 0.000000 -0.469885 0.952756 0.952756 0.952756
5028.672852 0.000000 1257.982422 0.000000 0.752278 0.000000 -0.658846 0.925858 0.925858 0.925858
5025.135742 0.000000 1262.656128 0.000000 0.839614 0.000000 0.543184 0.869035 0.869035 0.869035
5032.059082 0.000000 1220.992554 0.000000 0.192979 0.000000 0.981203 0.822673 0.822673 0.822673
5035.755371 0.000000 1248.775513 0.000000 0.996979 0.000000 -0.077671 0.904367 0.904367 0.904367
5028.979980 0.000000 1229.435425 0.000000 0.891416 0.000000 0.453185 0.873580 0.873580 0.873580
4991.440430 0.000000 1243.686890 0.000000 0.302095 0.000000 0.953278 0.829003 0.829003 0.829003
5033.808105 0.000000 1253.036987 0.000000 0.980247 0.000000 0.197776 0.884791 0.884791 0.884791
5030.820801 0.000000 1252.260010 0.000000 0.216095 0.000000 0.976372 0.772320 0.772320 0.772320
5037.236816 0.000000 1236.261719 0.000000 0.959212 0.000000 -0.282687 0.916099 0.916099 0.916099
5027.852539 0.000000 1255.449463 0.000000 0.744585 0.000000 -0.667527 0.941055 0.941055 0.941055
4923.957031 0.000000 1532.361328 0.000000 0.911432 0.000000 -0.411450 0.930489 0.930489 0.930489
4917.395020 0.000000 1533.706787 0.000000 0.928634 0.000000 0.370998 0.864986 0.864986 0.864986
4914.259277 0.000000 1535.615723 0.000000 0.936885 0.000000 -0.349638 0.932905 0.932905 0.932905
4920.925781 0.000000 1533.975098 0.000000 0.339417 0.000000 0.940636 0.693651 0.693651 0.693651
4926.360840 0.000000 1534.295654 0.000000 0.992244 0.000000 -0.124304 0.911201 0.911201 0.911201
4919.395996 0.000000 1531.941772 0.000000 0.782603 0.000000 0.622521 0.857725 0.857725 0.857725
4923.204102 0.000000 1534.806030 0.000000 0.748519 0.000000 0.663113 0.816925 0.816925 0.816925
4926.077148 0.000000 1532.119873 0.000000 0.781338 0.000000 0.624108 0.834882 0.834882 0.834882
4921.803223 0.000000 1532.142090 0.000000 0.891530 0.000000 0.452962 0.820783 0.820783 0.820783
4919.164551 0.000000 1534.369629 0.000000 0.143330 0.000000 0.989675 0.582581 0.582581 0.582581
4924.710449 0.000000 1534.092529 0.000000 0.816149 0.000000 -0.577842 1.003820 1.003820 1.003820
4916.925781 0.000000 1535.271973 0.000000 0.209102 0.000000 -0.977894 1.202553 1.202553 1.202553
4927.500488 0.000000 1532.712280 0.000000 0.802399 0.000000 -0.596789 0.961785 0.961785 0.961785
4836.618652 0.000000 1581.542603 0.000000 0.865008 0.000000 0.501759 0.811422 0.811422 0.811422
4826.383789 0.000000 1577.430542 0.000000 0.720385 0.000000 -0.693575 1.022270 1.022270 1.022270
4844.629883 0.000000 1572.014526 0.000000 0.861046 0.000000 -0.508527 0.986303 0.986303 0.986303
4847.587891 0.000000 1575.073730 0.000000 0.338229 0.000000 -0.941064 1.054233 1.054233 1.054233
4843.215820 0.000000 1575.703613 0.000000 0.999975 0.000000 0.007119 0.899488 0.899488 0.899488
4855.031738 0.000000 1562.783691 0.000000 0.898834 0.000000 0.438290 0.875534 0.875534 0.875534
4833.159180 0.000000 1582.578003 0.000000 0.705603 0.000000 -0.708607 0.931851 0.931851 0.931851
4847.935547 0.000000 1571.465210 0.000000 0.372958 0.000000 -0.927848 1.110982 1.110982 1.110982
4835.565918 0.000000 1584.599243 0.000000 0.717926 0.000000 0.696119 0.841178 0.841178 0.841178
4857.137207 0.000000 1564.798462 0.000000 0.489423 0.000000 0.872047 0.842873 0.842873 0.842873
4827.590820 0.000000 1579.626099 0.000000 0.710586 0.000000 0.703610 0.768478 0.768478 0.768478
4828.929688 0.000000 1577.547607 0.000000 0.938976 0.000000 -0.343982 0.937083 0.937083 0.937083
4845.002441 0.000000 1574.314575 0.000000 0.879697 0.000000 0.475535 0.832077 0.832077 0.832077
4846.722168 0.000000 1573.237183 0.000000 0.584163 0.000000 0.811637 0.712763 0.712763 0.712763
4849.038086 0.000000 1573.163574 0.000000 0.917915 0.000000 0.396776 0.834912 0.834912 0.834912
4846.122070 0.000000 1570.675415 0.000000 0.640530 0.000000 -0.767933 1.055424 1.055424 1.055424
4835.044922 0.000000 1582.760010 0.000000 0.881483 0.000000 0.472215 0.817123 0.817123 0.817123
4837.109863 0.000000 1583.320435 0.000000 0.999007 0.000000 -0.044545 0.907309 0.907309 0.907309
4834.283203 0.000000 1581.296021 0.000000 0.974737 0.000000 0.223354 0.862041 0.862041 0.862041
4834.008789 0.000000 1583.964844 0.000000 0.945175 0.000000 0.326564 0.843940 0.843940 0.843940
4918.459473 0.000000 1536.377197 0.000000 0.968834 0.000000 -0.247710 0.939370 0.939370 0.939370
4890.375977 0.000000 1577.430542 0.000000 0.322043 0.000000 0.946725 0.872073 0.872073 0.872073
4894.720703 0.000000 1591.558838 0.000000 0.974057 0.000000 0.226302 0.897948 0.897948 0.897948
4913.165039 0.000000 1549.106689 0.000000 0.680379 0.000000 0.732861 0.809443 0.809443 0.809443
4909.543945 0.000000 1565.911377 0.000000 0.893303 0.000000 -0.449456 0.907332 0.907332 0.907332
4894.339844 0.000000 1563.884399 0.000000 0.888835 0.000000 0.458226 0.843315 0.843315 0.843315
4894.122070 0.000000 1571.433716 0.000000 0.531507 0.000000 0.847054 0.795566 0.795566 0.795566
4916.925781 0.000000 1565.847900 0.000000 0.454870 0.000000 -0.890558 0.949367 0.949367 0.949367
4902.357910 0.000000 1588.013550 0.000000 0.700662 0.000000 -0.713493 0.907140 0.907140 0.907140
4925.053711 0.000000 1536.431519 0.000000 0.646100 0.000000 -0.763253 1.046329 1.046329 1.046329
4915.857910 0.000000 1560.727539 0.000000 0.332611 0.000000 0.943064 0.866789 0.866789 0.866789
4921.709473 0.000000 1567.614014 0.000000 0.844795 0.000000 0.535090 0.873359 0.873359 0.873359
4901.390137 0.000000 1593.049805 0.000000 0.454714 0.000000 -0.890637 0.927156 0.927156 0.927156
4917.518555 0.000000 1551.406006 0.000000 0.831405 0.000000 0.555667 0.843077 0.843077 0.843077
4889.595703 0.000000 1563.464355 0.000000 0.993944 0.000000 0.109890 0.891588 0.891588 0.891588
4892.976074 0.000000 1559.258179 0.000000 0.752319 0.000000 -0.658799 0.933936 0.933936 0.933936
4890.974609 0.000000 1567.875244 0.000000 0.010185 0.000000 -0.999948 0.935065 0.935065 0.935065
4897.839355 0.000000 1587.619873 0.000000 0.329527 0.000000 -0.944146 0.927749 0.927749 0.927749
4889.659180 0.000000 1582.010376 0.000000 0.255906 0.000000 0.966702 0.767342 0.767342 0.767342
4908.827148 0.000000 1561.495239 0.000000 0.963080 0.000000 0.269214 0.894488 0.894488 0.894488
4894.132812 0.000000 1579.819092 0.000000 0.996834 0.000000 -0.079512 0.904829 0.904829 0.904829
4896.492676 0.000000 1567.884399 0.000000 0.086134 0.000000 0.996284 0.726547 0.726547 0.726547
4899.419922 0.000000 1572.765747 0.000000 0.637632 0.000000 0.770341 0.862459 0.862459 0.862459
4914.625488 0.000000 1539.074219 0.000000 0.167594 0.000000 0.985856 0.827526 0.827526 0.827526
4919.183594 0.000000 1570.916382 0.000000 0.876637 0.000000 -0.481153 0.925941 0.925941 0.925941
4913.105469 0.000000 1564.008667 0.000000 0.644967 0.000000 0.764211 0.872639 0.872639 0.872639
4919.311035 0.000000 1540.179321 0.000000 0.150037 0.000000 0.988680 0.673438 0.673438 0.673438
4893.501953 0.000000 1575.197510 0.000000 0.997129 0.000000 -0.075721 0.903917 0.903917 0.903917
4919.023926 0.000000 1562.783691 0.000000 0.886497 0.000000 0.462733 0.880543 0.880543 0.880543
4898.313965 0.000000 1591.321899 0.000000 0.441487 0.000000 -0.897268 0.972558 0.972558 0.972558
4890.352051 0.000000 1585.126221 0.000000 0.429754 0.000000 0.902946 0.849374 0.849374 0.849374
4897.414551 0.000000 1564.792114 0.000000 0.703366 0.000000 -0.710828 0.940861 0.940861 0.940861
4915.346680 0.000000 1536.061768 0.000000 0.935092 0.000000 -0.354406 0.937444 0.937444 0.937444
4925.285156 0.000000 1539.782104 0.000000 0.595274 0.000000 -0.803523 0.946129 0.946129 0.946129
4896.351074 0.000000 1573.542725 0.000000 0.288775 0.000000 -0.957397 1.003363 1.003363 1.003363
4893.798828 0.000000 1566.945435 0.000000 0.464665 0.000000 -0.885487 1.112592 1.112592 1.112592
4916.010742 0.000000 1548.904419 0.000000 0.844223 0.000000 0.535992 0.847888 0.847888 0.847888
4897.453613 0.000000 1570.643677 0.000000 0.856546 0.000000 0.516071 0.808620 0.808620 0.808620
4892.113770 0.000000 1561.925903 0.000000 0.358507 0.000000 0.933527 0.794484 0.794484 0.794484
4913.012207 0.000000 1551.922485 0.000000 0.966549 0.000000 -0.256481 0.933219 0.933219 0.933219
4918.931641 0.000000 1568.030518 0.000000 0.463977 0.000000 -0.885847 0.985587 0.985587 0.985587
4900.844238 0.000000 1590.403442 0.000000 0.690743 0.000000 -0.723100 0.945403 0.945403 0.945403
4890.356934 0.000000 1559.871826 0.000000 0.393549 0.000000 0.919304 0.784695 0.784695 0.784695
4892.582520 0.000000 1581.928589 0.000000 0.396343 0.000000 -0.918103 1.043755 1.043755 1.043755
4917.128418 0.000000 1538.667969 0.000000 0.158356 0.000000 -0.987382 1.128391 1.128391 1.128391
4892.921875 0.000000 1577.547607 0.000000 0.023427 0.000000 -0.999726 1.011257 1.011257 1.011257
4921.829102 0.000000 1539.922241 0.000000 0.544794 0.000000 -0.838570 1.049737 1.049737 1.049737
4894.404785 0.000000 1569.174683 0.000000 0.961142 0.000000 -0.276054 0.947132 0.947132 0.947132
4920.752930 0.000000 1535.695557 0.000000 0.671971 0.000000 0.740578 0.776332 0.776332 0.776332
4922.994141 0.000000 1535.741943 0.000000 0.633612 0.000000 -0.773651 1.001366 1.001366 1.001366
4920.933105 0.000000 1541.951050 0.000000 0.100726 0.000000 -0.994914 1.111373 1.111373 1.111373
4895.636230 0.000000 1565.975220 0.000000 0.309193 0.000000 -0.950999 1.111733 1.111733 1.111733
4919.452637 0.000000 1538.185547 0.000000 0.540493 0.000000 -0.841348 1.068479 1.068479 1.068479
4914.515625 0.000000 1550.415283 0.000000 0.677842 0.000000 -0.735207 1.039190 1.039190 1.039190
4916.813477 0.000000 1536.955200 0.000000 0.755704 0.000000 0.654913 0.779667 0.779667 0.779667
4896.056641 0.000000 1569.670898 0.000000 0.462493 0.000000 0.886623 0.716318 0.716318 0.716318
4892.621582 0.000000 1563.603882 0.000000 0.392731 0.000000 -0.919653 1.101938 1.101938 1.101938
4893.473633 0.000000 1565.301636 0.000000 0.588717 0.000000 -0.808339 1.058629 1.058629 1.058629
4892.213379 0.000000 1566.715942 0.000000 0.072400 0.000000 -0.997376 1.192894 1.192894 1.192894
4895.869629 0.000000 1564.280273 0.000000 0.869625 0.000000 0.493713 0.812986 0.812986 0.812986
4891.834961 0.000000 1560.271973 0.000000 0.410447 0.000000 0.911884 0.706567 0.706567 0.706567
4891.070801 0.000000 1563.747070 0.000000 0.977295 0.000000 -0.211883 0.936938 0.936938 0.936938
4895.131348 0.000000 1567.389648 0.000000 0.725962 0.000000 0.687735 0.692116 0.692116 0.692116
4917.192871 0.000000 1535.678833 0.000000 0.982816 0.000000 0.184587 0.858703 0.858703 0.858703
4935.565430 0.000000 1564.949463 0.000000 0.779207 0.000000 0.626767 0.860427 0.860427 0.860427
4985.809082 0.000000 1549.150513 0.000000 0.364351 0.000000 0.931262 0.703523 0.703523 0.703523
4936.199707 0.000000 1555.953125 0.000000 0.216411 0.000000 -0.976302 0.969903 0.969903 0.969903
4958.097168 0.000000 1584.292114 0.000000 0.005124 0.000000 -0.999987 1.089967 1.089967 1.089967
4939.256348 0.000000 1551.053589 0.000000 0.736296 0.000000 0.676660 0.819843 0.819843 0.819843
4948.900879 0.000000 1561.889160 0.000000 0.370404 0.000000 0.928871 0.776865 0.776865 0.776865
4952.805664 0.000000 1572.355713 0.000000 0.822740 0.000000 0.568417 0.818494 0.818494 0.818494
4934.223145 0.000000 1550.528564 0.000000 0.350863 0.000000 0.936427 0.774700 0.774700 0.774700
4985.701660 0.000000 1567.614014 0.000000 0.558861 0.000000 0.829262 0.735227 0.735227 0.735227
4947.274414 0.000000 1557.103882 0.000000 0.239965 0.000000 0.970782 0.673146 0.673146 0.673146
4935.564941 0.000000 1569.808350 0.000000 0.115300 0.000000 -0.993331 1.145232 1.145232 1.145232
4981.510742 0.000000 1551.406006 0.000000 0.673295 0.000000 -0.739374 0.931785 0.931785 0.931785
4982.094238 0.000000 1546.888794 0.000000 0.961721 0.000000 0.274032 0.853223 0.853223 0.853223
4946.347656 0.000000 1565.467773 0.000000 0.585605 0.000000 -0.810597 1.059277 1.059277 1.059277
4950.407227 0.000000 1576.164307 0.000000 0.884477 0.000000 0.466584 0.878186 0.878186 0.878186
4944.006836 0.000000 1558.645142 0.000000 0.994405 0.000000 0.105637 0.879549 0.879549 0.879549
4927.930176 0.000000 1535.774902 0.000000 0.923826 0.000000 -0.382812 0.935307 0.935307 0.935307
4936.545410 0.000000 1552.823120 0.000000 0.500649 0.000000 0.865650 0.723656 0.723656 0.723656
4986.378418 0.000000 1546.178101 0.000000 0.239011 0.000000 0.971017 0.843244 0.843244 0.843244
4950.386230 0.000000 1555.662598 0.000000 0.487185 0.000000 -0.873299 1.009758 1.009758 1.009758
4946.235840 0.000000 1560.515869 0.000000 0.621073 0.000000 0.783753 0.667270 0.667270 0.667270
4985.121582 0.000000 1564.798462 0.000000 0.969613 0.000000 0.244642 0.880008 0.880008 0.880008
4980.002930 0.000000 1548.904419 0.000000 0.523732 0.000000 -0.851883 1.044325 1.044325 1.044325
4986.020020 0.000000 1570.818604 0.000000 0.961679 0.000000 0.274178 0.853197 0.853197 0.853197
4952.924316 0.000000 1575.106201 0.000000 0.824237 0.000000 -0.566245 0.994675 0.994675 0.994675
4933.327637 0.000000 1566.362183 0.000000 0.907724 0.000000 0.419567 0.834820 0.834820 0.834820
4937.197754 0.000000 1567.039062 0.000000 0.422381 0.000000 0.906418 0.708779 0.708779 0.708779
4956.574707 0.000000 1581.928589 0.000000 0.827170 0.000000 0.561952 0.804802 0.804802 0.804802
4960.948730 0.000000 1585.205322 0.000000 0.203282 0.000000 -0.979120 1.013570 1.013570 1.013570
4983.222656 0.000000 1549.316772 0.000000 0.786975 0.000000 0.616985 0.787952 0.787952 0.787952
4946.710938 0.000000 1563.068481 0.000000 0.243818 0.000000 0.969821 0.751200 0.751200 0.751200
4947.896484 0.000000 1567.334961 0.000000 0.546949 0.000000 -0.837166 0.993622 0.993622 0.993622
4950.786621 0.000000 1573.919312 0.000000 0.829090 0.000000 0.559115 0.814680 0.814680 0.814680
4948.587891 0.000000 1565.026123 0.000000 0.910909 0.000000 0.412608 0.860819 0.860819 0.860819
4958.883301 0.000000 1582.118530 0.000000 0.926450 0.000000 0.376417 0.834965 0.834965 0.834965
4984.302246 0.000000 1547.265381 0.000000 0.638229 0.000000 0.769847 0.751941 0.751941 0.751941
4946.518066 0.000000 1554.972290 0.000000 0.421280 0.000000 0.906931 0.800459 0.800459 0.800459
4987.484375 0.000000 1564.334717 0.000000 0.386499 0.000000 -0.922290 0.994960 0.994960 0.994960
4987.720703 0.000000 1566.939331 0.000000 0.422078 0.000000 0.906560 0.711273 0.711273 0.711273
4935.179199 0.000000 1567.743774 0.000000 0.761282 0.000000 0.648421 0.781110 0.781110 0.781110
4937.146973 0.000000 1550.713989 0.000000 0.982316 0.000000 0.187229 0.868261 0.868261 0.868261
4984.584961 0.000000 1569.370117 0.000000 0.985483 0.000000 0.169774 0.858601 0.858601 0.858601
4987.041504 0.000000 1569.090332 0.000000 0.591957 0.000000 -0.805969 1.125346 1.125346 1.125346
4956.039062 0.000000 1583.939209 0.000000 0.937744 0.000000 0.347328 0.840224 0.840224 0.840224
4948.400879 0.000000 1555.487305 0.000000 0.870293 0.000000 -0.492534 0.984472 0.984472 0.984472
4980.213867 0.000000 1546.552734 0.000000 0.433330 0.000000 0.901235 0.778925 0.778925 0.778925
4947.625977 0.000000 1558.968750 0.000000 0.745103 0.000000 0.666950 0.731031 0.731031 0.731031
4933.693359 0.000000 1569.189819 0.000000 0.814498 0.000000 0.580166 0.795699 0.795699 0.795699
4945.820801 0.000000 1558.315063 0.000000 0.839228 0.000000 0.543779 0.788904 0.788904 0.788904
4937.153809 0.000000 1568.901611 0.000000 0.487295 0.000000 0.873238 0.764011 0.764011 0.764011
4944.326172 0.000000 1560.420532 0.000000 0.512092 0.000000 -0.858931 1.060179 1.060179 1.060179
4949.087891 0.000000 1557.132935 0.000000 0.404829 0.000000 -0.914392 1.094469 1.094469 1.094469
4949.795898 0.000000 1554.046753 0.000000 0.900144 0.000000 0.435593 0.826075 0.826075 0.826075
4945.304688 0.000000 1561.989014 0.000000 0.932261 0.000000 0.361787 0.842608 0.842608 0.842608
4939.668945 0.000000 1552.725830 0.000000 0.525539 0.000000 -0.850769 1.055454 1.055454 1.055454
4959.862305 0.000000 1583.796143 0.000000 0.759076 0.000000 0.651002 0.780538 0.780538 0.780538
4981.613770 0.000000 1549.091919 0.000000 0.462239 0.000000 -0.886755 1.054333 1.054333 1.054333
4984.642090 0.000000 1566.385742 0.000000 0.987651 0.000000 -0.156672 0.926511 0.926511 0.926511
4947.928711 0.000000 1560.619019 0.000000 0.359646 0.000000 0.933089 0.589177 0.589177 0.589177
4938.056152 0.000000 1552.269287 0.000000 0.994286 0.000000 -0.106747 0.916341 0.916341 0.916341
4934.817871 0.000000 1566.292236 0.000000 0.042636 0.000000 0.999091 0.642481 0.642481 0.642481
4947.062500 0.000000 1561.716431 0.000000 0.995641 0.000000 -0.093263 0.924134 0.924134 0.924134
5139.013672 0.000000 1160.742310 0.000000 0.808263 0.000000 0.588821 0.864634 0.864634 0.864634
5135.580566 0.000000 1178.306396 0.000000 0.983715 0.000000 0.179737 0.897970 0.897970 0.897970
5131.980957 0.000000 1181.352539 0.000000 0.997416 0.000000 -0.071838 0.902423 0.902423 0.902423
5137.749512 0.000000 1165.026855 0.000000 0.274758 0.000000 0.961513 0.844824 0.844824 0.844824
5138.115234 0.000000 1157.761719 0.000000 0.122324 0.000000 0.992490 0.818653 0.818653 0.818653
5135.346191 0.000000 1181.848389 0.000000 0.497590 0.000000 -0.867412 0.958980 0.958980 0.958980
"}
