object={
	name="tree_jungle_01_d_generator_1_0"
	clamp_to_water_level=no
	render_under_water=no
	generated_content=yes
	layer="tree_high_layer"
	pdxmesh="tree_jungle_01_d_mesh"
	count=55
	transform="375.719421 0.000000 254.682159 0.000000 0.389862 0.000000 0.920873 0.563739 0.563739 0.563739
2465.370605 0.000000 168.837341 0.000000 0.872374 0.000000 0.488840 0.742349 0.742349 0.742349
2453.767822 0.000000 172.591492 0.000000 0.984506 0.000000 -0.175350 0.751980 0.751980 0.751980
4856.054199 0.000000 1523.994751 0.000000 0.822394 0.000000 0.568918 0.735269 0.735269 0.735269
4859.964844 0.000000 1532.361328 0.000000 0.078342 0.000000 0.996926 0.741617 0.741617 0.741617
4861.581055 0.000000 1522.726807 0.000000 0.679929 0.000000 -0.733278 0.759247 0.759247 0.759247
4862.772949 0.000000 1527.710449 0.000000 0.912869 0.000000 -0.408252 0.757087 0.757087 0.757087
4868.967773 0.000000 1530.196655 0.000000 0.666587 0.000000 0.745427 0.746850 0.746850 0.746850
4863.508301 0.000000 1532.712280 0.000000 0.598594 0.000000 0.801053 0.739563 0.739563 0.739563
4868.983887 0.000000 1535.578247 0.000000 0.481776 0.000000 -0.876294 0.762000 0.762000 0.762000
4858.683594 0.000000 1562.218018 0.000000 0.393404 0.000000 -0.919366 0.774025 0.774025 0.774025
4860.684082 0.000000 1571.776855 0.000000 0.768954 0.000000 0.639304 0.739610 0.739610 0.739610
4860.843750 0.000000 1556.448608 0.000000 0.988526 0.000000 0.151053 0.747445 0.747445 0.747445
4857.717285 0.000000 1567.614014 0.000000 0.368609 0.000000 -0.929585 0.776812 0.776812 0.776812
4861.429688 0.000000 1565.526367 0.000000 0.360867 0.000000 0.932617 0.727501 0.727501 0.727501
4855.191406 0.000000 1570.916382 0.000000 0.893264 0.000000 0.449532 0.739524 0.739524 0.739524
4864.908203 0.000000 1551.481445 0.000000 0.315168 0.000000 0.949036 0.728933 0.728933 0.728933
4874.787598 0.000000 1536.411865 0.000000 0.646510 0.000000 0.762906 0.745125 0.745125 0.745125
4871.573242 0.000000 1564.949463 0.000000 0.806525 0.000000 0.591200 0.736972 0.736972 0.736972
4863.778809 0.000000 1538.918091 0.000000 0.137932 0.000000 -0.990442 0.763410 0.763410 0.763410
4873.081543 0.000000 1545.870483 0.000000 0.119394 0.000000 0.992847 0.744566 0.744566 0.744566
4863.636719 0.000000 1560.503540 0.000000 0.842827 0.000000 -0.538184 0.759576 0.759576 0.759576
4864.120117 0.000000 1569.790649 0.000000 0.045521 0.000000 -0.998963 0.772847 0.772847 0.772847
4865.723633 0.000000 1545.086792 0.000000 0.697256 0.000000 0.716822 0.742518 0.742518 0.742518
4870.194336 0.000000 1540.312500 0.000000 0.197279 0.000000 -0.980347 0.767985 0.767985 0.767985
4868.659180 0.000000 1573.657227 0.000000 0.259495 0.000000 -0.965744 0.774497 0.774497 0.774497
4868.767090 0.000000 1559.951416 0.000000 0.540093 0.000000 -0.841606 0.768729 0.768729 0.768729
4870.230957 0.000000 1550.528564 0.000000 0.840417 0.000000 0.541940 0.742493 0.742493 0.742493
4866.168457 0.000000 1565.167114 0.000000 0.995744 0.000000 -0.092159 0.751382 0.751382 0.751382
4871.572754 0.000000 1569.808350 0.000000 0.838715 0.000000 0.544571 0.738139 0.738139 0.738139
4865.750977 0.000000 1556.203369 0.000000 0.999445 0.000000 0.033306 0.749314 0.749314 0.749314
4964.603027 0.000000 1581.542603 0.000000 0.598748 0.000000 -0.800937 0.779567 0.779567 0.779567
4964.746582 0.000000 1568.755371 0.000000 0.992038 0.000000 -0.125939 0.757093 0.757093 0.757093
4954.368164 0.000000 1577.430542 0.000000 0.991428 0.000000 0.130654 0.749509 0.749509 0.749509
4956.170898 0.000000 1550.935791 0.000000 0.215078 0.000000 0.976597 0.699294 0.699294 0.699294
4958.114258 0.000000 1571.433716 0.000000 0.700412 0.000000 0.713739 0.718747 0.718747 0.718747
4966.350098 0.000000 1588.013550 0.000000 0.412865 0.000000 0.910792 0.713547 0.713547 0.713547
4961.065918 0.000000 1576.493530 0.000000 0.997912 0.000000 -0.064592 0.751210 0.751210 0.751210
4973.971191 0.000000 1552.955811 0.000000 0.921782 0.000000 -0.387708 0.764164 0.764164 0.764164
4965.884766 0.000000 1556.298584 0.000000 0.889571 0.000000 -0.456797 0.758883 0.758883 0.758883
4954.966797 0.000000 1567.875244 0.000000 0.894069 0.000000 0.447928 0.742173 0.742173 0.742173
4953.651367 0.000000 1582.010376 0.000000 0.891774 0.000000 -0.452481 0.758792 0.758792 0.758792
4952.683594 0.000000 1553.577393 0.000000 0.909523 0.000000 -0.415653 0.774079 0.774079 0.774079
4960.484863 0.000000 1567.884399 0.000000 0.471224 0.000000 -0.882013 0.810673 0.810673 0.810673
4957.023926 0.000000 1555.039185 0.000000 0.892206 0.000000 -0.451628 0.758774 0.758774 0.758774
4961.143555 0.000000 1582.578003 0.000000 0.983847 0.000000 0.179013 0.744608 0.744608 0.744608
4966.628418 0.000000 1584.322876 0.000000 0.646751 0.000000 -0.762701 0.777613 0.777613 0.777613
4963.550293 0.000000 1584.599243 0.000000 0.790945 0.000000 -0.611888 0.777123 0.777123 0.777123
4962.149902 0.000000 1579.653809 0.000000 0.460582 0.000000 -0.887617 0.811348 0.811348 0.811348
4957.791016 0.000000 1566.945435 0.000000 0.230238 0.000000 0.973134 0.677321 0.677321 0.677321
4967.874512 0.000000 1558.306519 0.000000 0.189084 0.000000 0.981961 0.693130 0.693130 0.693130
4955.708008 0.000000 1570.340942 0.000000 0.095555 0.000000 0.995424 0.678188 0.678188 0.678188
4962.938477 0.000000 1566.868530 0.000000 0.822995 0.000000 -0.568049 0.782804 0.782804 0.782804
4958.396973 0.000000 1569.174683 0.000000 0.429409 0.000000 0.903110 0.659264 0.659264 0.659264
4956.639648 0.000000 1568.772827 0.000000 0.981164 0.000000 -0.193178 0.768928 0.768928 0.768928
"}
