object={
	name="tree_leaf_2_high_generator_1_0"
	clamp_to_water_level=no
	render_under_water=no
	generated_content=yes
	layer="tree_high_layer"
	pdxmesh="tree_leaf_01_a_mesh"
	count=15
	transform="578.247131 0.000000 1992.977417 0.000000 0.479961 0.000000 -0.877290 0.628855 0.628855 0.628855
2303.315674 0.000000 2478.256592 0.000000 0.875054 0.000000 0.484025 0.578052 0.578052 0.578052
2312.279785 0.000000 2481.274414 0.000000 0.222508 0.000000 -0.974931 0.654454 0.654454 0.654454
2312.156250 0.000000 2471.331787 0.000000 0.989193 0.000000 0.146620 0.580603 0.580603 0.580603
2317.339844 0.000000 2491.426270 0.000000 0.267708 0.000000 0.963500 0.500704 0.500704 0.500704
2313.162598 0.000000 2469.693848 0.000000 0.958603 0.000000 0.284745 0.563669 0.563669 0.563669
2373.272461 0.000000 2489.962158 0.000000 0.929372 0.000000 0.369144 0.593204 0.593204 0.593204
2373.044678 0.000000 2491.934082 0.000000 0.978992 0.000000 0.203899 0.579700 0.579700 0.579700
2371.340088 0.000000 2489.325928 0.000000 0.291655 0.000000 0.956523 0.493061 0.493061 0.493061
2371.390869 0.000000 2491.010010 0.000000 0.997575 0.000000 0.069593 0.579551 0.579551 0.579551
2615.592285 0.000000 2819.866699 0.000000 0.998665 0.000000 0.051657 0.580260 0.580260 0.580260
2617.034180 0.000000 2815.383057 0.000000 0.396087 0.000000 -0.918213 0.722004 0.722004 0.722004
2617.214600 0.000000 2821.638672 0.000000 0.777063 0.000000 -0.629423 0.787644 0.787644 0.787644
2615.733887 0.000000 2817.873047 0.000000 0.447998 0.000000 -0.894035 0.762397 0.762397 0.762397
2616.764893 0.000000 2816.852051 0.000000 0.507854 0.000000 0.861443 0.390074 0.390074 0.390074
"}
object={
	name="tree_leaf_2_high_generator_1_1"
	clamp_to_water_level=no
	render_under_water=no
	generated_content=yes
	layer="tree_high_layer"
	pdxmesh="tree_leaf_01_b_mesh"
	count=18
	transform="2315.091309 0.000000 2469.214355 0.000000 0.887828 0.000000 0.460175 0.582809 0.582809 0.582809
2317.702393 0.000000 2481.065674 0.000000 0.230548 0.000000 -0.973061 0.658129 0.658129 0.658129
2312.979492 0.000000 2486.232910 0.000000 0.026100 0.000000 0.999659 0.514388 0.514388 0.514388
2314.864502 0.000000 2479.906250 0.000000 0.999898 0.000000 -0.014262 0.600705 0.600705 0.600705
2311.732910 0.000000 2468.499512 0.000000 0.999386 0.000000 0.035046 0.597900 0.597900 0.597900
2313.975098 0.000000 2483.200439 0.000000 0.548363 0.000000 -0.836241 0.689012 0.689012 0.689012
2315.744629 0.000000 2481.972656 0.000000 0.146873 0.000000 -0.989155 0.719400 0.719400 0.719400
2310.052002 0.000000 2471.259277 0.000000 0.986670 0.000000 -0.162735 0.612977 0.612977 0.612977
2371.196045 0.000000 2492.707764 0.000000 0.796268 0.000000 0.604944 0.466672 0.466672 0.466672
2369.660889 0.000000 2490.566895 0.000000 0.701700 0.000000 -0.712472 0.672461 0.672461 0.672461
2619.485352 0.000000 2814.493652 0.000000 0.859942 0.000000 0.510392 0.567104 0.567104 0.567104
2614.740723 0.000000 2816.064697 0.000000 0.723120 0.000000 -0.690722 0.711931 0.711931 0.711931
2618.064941 0.000000 2817.280762 0.000000 0.752019 0.000000 0.659141 0.567659 0.567659 0.567659
2613.409424 0.000000 2818.355469 0.000000 0.839381 0.000000 0.543544 0.530276 0.530276 0.530276
2613.506592 0.000000 2820.621338 0.000000 0.095761 0.000000 -0.995404 0.818718 0.818718 0.818718
2615.763184 0.000000 2821.359863 0.000000 0.819772 0.000000 -0.572689 0.752540 0.752540 0.752540
2616.877197 0.000000 2820.311523 0.000000 0.706700 0.000000 0.707513 0.383371 0.383371 0.383371
2614.313721 0.000000 2819.439697 0.000000 0.412873 0.000000 -0.910789 1.037431 1.037431 1.037431
"}
