object={
	name="tree_leaf_high_generator_3_0"
	clamp_to_water_level=no
	render_under_water=no
	generated_content=yes
	layer="tree_high_layer"
	pdxmesh="tree_leaf_01_c_mesh"
	count=8
	transform="2712.687012 0.000000 790.144653 0.000000 0.960139 0.000000 0.279524 0.796435 0.796435 0.796435
3292.311768 0.000000 122.681213 0.000000 0.039980 0.000000 0.999200 0.741298 0.741298 0.741298
2315.576416 0.000000 2254.881836 0.000000 0.817842 0.000000 -0.575443 0.824614 0.824614 0.824614
4970.383789 0.000000 135.915390 0.000000 0.612550 0.000000 -0.790432 0.849154 0.849154 0.849154
4968.833496 0.000000 130.039963 0.000000 0.982973 0.000000 -0.183751 0.806090 0.806090 0.806090
4968.066895 0.000000 133.258133 0.000000 0.990399 0.000000 0.138240 0.792521 0.792521 0.792521
4935.565430 0.000000 221.277542 0.000000 0.534047 0.000000 -0.845455 0.812072 0.812072 0.812072
4928.112305 0.000000 226.118790 0.000000 0.981297 0.000000 0.192500 0.797911 0.797911 0.797911
"}
