object={
	name="tree_cypress_01_generator_1_0"
	clamp_to_water_level=no
	render_under_water=no
	generated_content=yes
	layer="tree_high_layer"
	pdxmesh="tree_cypress_01_a_mesh"
	count=10
	transform="2429.878174 0.000000 1522.726807 0.000000 0.469481 0.000000 0.882943 1.000000 1.000000 1.000000
2463.017822 0.000000 1527.574463 0.000000 0.952479 0.000000 0.304603 1.000000 1.000000 1.000000
2473.396240 0.000000 1527.200806 0.000000 0.814878 0.000000 0.579633 1.000000 1.000000 1.000000
2444.211426 0.000000 1524.530151 0.000000 0.459550 0.000000 0.888152 1.000000 1.000000 1.000000
2471.245361 0.000000 1527.495728 0.000000 0.864738 0.000000 -0.502223 1.000000 1.000000 1.000000
2451.738037 0.000000 1524.789185 0.000000 0.442514 0.000000 0.896762 1.000000 1.000000 1.000000
2973.145020 0.000000 1345.395508 0.000000 0.801315 0.000000 0.598243 1.000000 1.000000 1.000000
1096.033691 0.000000 2145.667725 0.000000 0.433058 0.000000 0.901366 1.000000 1.000000 1.000000
1093.796509 0.000000 2142.221436 0.000000 0.993910 0.000000 -0.110193 1.000000 1.000000 1.000000
1091.937866 0.000000 2142.617676 0.000000 0.676748 0.000000 -0.736214 1.000000 1.000000 1.000000
"}
object={
	name="tree_cypress_01_generator_1_1"
	clamp_to_water_level=no
	render_under_water=no
	generated_content=yes
	layer="tree_high_layer"
	pdxmesh="tree_cypress_01_b_mesh"
	count=3
	transform="2972.144775 0.000000 1342.660767 0.000000 0.890505 0.000000 -0.454974 1.000000 1.000000 1.000000
3165.669678 0.000000 1909.837891 0.000000 0.840883 0.000000 -0.541218 1.000000 1.000000 1.000000
1090.156982 0.000000 2143.411377 0.000000 0.980587 0.000000 -0.196082 1.000000 1.000000 1.000000
"}
object={
	name="tree_cypress_01_generator_1_2"
	clamp_to_water_level=no
	render_under_water=no
	generated_content=yes
	layer="tree_high_layer"
	pdxmesh="tree_cypress_01_c_mesh"
	count=2
	transform="2413.097900 0.000000 1518.034546 0.000000 0.195745 0.000000 -0.980655 1.000000 1.000000 1.000000
2449.784424 0.000000 1524.084839 0.000000 0.958282 0.000000 -0.285823 1.000000 1.000000 1.000000
"}
